1746544805	 57.616	 -0.997238	 -0.997009	 0.999756	 1.618958	 1.324463	 -4.851990	 1.633606	 -0.053101
1746544806	 59.000	 -0.997372	 -0.997047	 0.999451	 1.618958	 1.324463	 -4.855652	 1.632996	 0.017090
1746544807	 59.031	 -0.997238	 -0.996933	 0.999756	 1.618652	 1.324158	 -4.852295	 1.632996	 0.056458
1746544808	 58.093	 -0.997334	 -0.997028	 0.999451	 1.618958	 1.324463	 -4.851379	 1.632996	 0.057373
1746544809	 58.293	 -0.997181	 -0.996876	 0.999451	 1.618958	 1.324768	 -4.856262	 1.633606	 0.021057
1746544810	 58.093	 -0.997028	 -0.996742	 0.999756	 1.618958	 1.324463	 -4.850769	 1.632996	 0.059509
1746544811	 58.508	 -0.997353	 -0.996990	 0.999451	 1.619568	 1.324768	 -4.853210	 1.633301	 -0.094910
1746544812	 57.862	 -0.997086	 -0.996876	 0.999756	 1.618347	 1.324158	 -4.854431	 1.632996	 0.048218
1746544813	 58.954	 -0.997562	 -0.997219	 0.999756	 1.618652	 1.324463	 -4.851379	 1.633606	 0.036926
1746544814	 58.754	 -0.997410	 -0.997028	 0.999146	 1.619263	 1.324768	 -4.856262	 1.633606	 -0.091248
1746544815	 58.969	 -0.997200	 -0.996952	 0.999756	 1.618652	 1.325073	 -4.850769	 1.633606	 -0.009460
1746544816	 58.093	 -0.997257	 -0.996799	 0.999756	 1.618958	 1.325073	 -4.852905	 1.633301	 -0.053406
1746544817	 58.154	 -0.997143	 -0.996857	 0.999451	 1.619263	 1.324463	 -4.852295	 1.632996	 0.034790
1746544818	 58.462	 -0.997200	 -0.996761	 0.999451	 1.618652	 1.324768	 -4.851990	 1.632996	 0.073547
1746544819	 58.677	 -0.997124	 -0.996838	 0.999451	 1.618347	 1.324463	 -4.854736	 1.633606	 0.074463
1746544820	 58.262	 -0.997162	 -0.996819	 0.999756	 1.618347	 1.324768	 -4.851990	 1.633606	 0.035706
1746544821	 58.293	 -0.997524	 -0.997124	 0.999756	 1.618958	 1.325073	 -4.856873	 1.633606	 -0.038147
1746544822	 58.216	 -0.997143	 -0.996933	 0.999451	 1.618652	 1.325073	 -4.851990	 1.633301	 0.064697
1746544823	 58.569	 -0.997353	 -0.996952	 0.999451	 1.618958	 1.325378	 -4.854126	 1.633301	 -0.026245
1746544824	 58.631	 -0.997467	 -0.997009	 0.999756	 1.618958	 1.325073	 -4.855652	 1.632385	 -0.009155
1746544825	 58.785	 -0.997181	 -0.996914	 0.999451	 1.618958	 1.325378	 -4.853210	 1.633606	 0.014648
1746544826	 58.416	 -0.997200	 -0.996780	 0.999451	 1.618347	 1.325073	 -4.853516	 1.633606	 0.061035
1746544827	 58.231	 -0.997219	 -0.996933	 0.999451	 1.618652	 1.324768	 -4.851990	 1.633606	 -0.021667
1746544828	 58.108	 -0.997448	 -0.997105	 0.999146	 1.618652	 1.325378	 -4.853821	 1.633606	 -0.025635
1746544829	 58.077	 -0.997429	 -0.996990	 0.999756	 1.618652	 1.325073	 -4.856262	 1.632996	 -0.006409
1746544830	 58.108	 -0.997238	 -0.996933	 0.999451	 1.618347	 1.325073	 -4.856567	 1.633606	 0.014343
1746544831	 58.400	 -0.997295	 -0.996876	 0.999756	 1.618347	 1.325073	 -4.854736	 1.632690	 0.066223
1746544832	 58.323	 -0.997028	 -0.996513	 0.999451	 1.618652	 1.325378	 -4.850769	 1.633606	 0.007629
1746544833	 58.446	 -0.997372	 -0.997047	 0.999756	 1.618958	 1.325989	 -4.852600	 1.632996	 -0.017395
1746544834	 58.600	 -0.997486	 -0.997124	 0.999451	 1.619263	 1.325684	 -4.857178	 1.633301	 -0.033264
1746544835	 57.570	 -0.997181	 -0.996780	 0.999451	 1.617737	 1.325073	 -4.853821	 1.633606	 0.021057
1746544836	 57.862	 -0.997276	 -0.996971	 0.999451	 1.618958	 1.325989	 -4.850464	 1.632996	 0.007629
1746544837	 57.985	 -0.997448	 -0.997047	 0.999756	 1.618958	 1.326294	 -4.852905	 1.633301	 -0.045471
1746544838	 59.154	 -0.997238	 -0.996799	 0.999451	 1.618958	 1.325989	 -4.855652	 1.633606	 -0.019836
1746544839	 57.985	 -0.997276	 -0.996819	 0.999451	 1.618347	 1.325989	 -4.853210	 1.632996	 0.021057
1746544840	 58.354	 -0.997562	 -0.997143	 0.999451	 1.619263	 1.326904	 -4.851379	 1.632996	 -0.114441
1746544841	 57.616	 -0.997429	 -0.996990	 0.999451	 1.618347	 1.326294	 -4.853210	 1.632996	 0.001831
1746544842	 58.723	 -0.997372	 -0.996838	 0.999451	 1.618652	 1.326294	 -4.853821	 1.632690	 0.082703
1746544843	 57.908	 -0.997066	 -0.996761	 0.999451	 1.618652	 1.326294	 -4.852600	 1.632996	 0.070801
1746544844	 58.323	 -0.997486	 -0.997162	 0.999756	 1.618958	 1.326904	 -4.853210	 1.632996	 -0.100708
1746544845	 58.677	 -0.997314	 -0.996876	 0.999756	 1.618347	 1.326599	 -4.852600	 1.633606	 -0.000916
1746544846	 58.385	 -0.997009	 -0.996628	 1.000061	 1.618347	 1.326599	 -4.851990	 1.633606	 0.082703
1746544847	 58.077	 -0.997257	 -0.996876	 0.999451	 1.618958	 1.327209	 -4.851379	 1.632996	 -0.068970
1746544848	 58.754	 -0.997562	 -0.997200	 0.999451	 1.619263	 1.327515	 -4.856262	 1.633606	 -0.018311
1746544849	 58.769	 -0.997238	 -0.996952	 0.999451	 1.618347	 1.327209	 -4.850159	 1.633606	 0.014648
1746544850	 57.939	 -0.997162	 -0.996895	 0.999756	 1.618652	 1.327515	 -4.856262	 1.632996	 -0.000610
1746544851	 58.831	 -0.997105	 -0.996857	 0.999451	 1.618958	 1.328125	 -4.850159	 1.633301	 -0.026245
1746544852	 58.815	 -0.997353	 -0.996990	 0.999756	 1.618958	 1.328125	 -4.855652	 1.632996	 -0.016174
1746544853	 58.216	 -0.997334	 -0.996990	 0.999451	 1.618958	 1.328125	 -4.851379	 1.633301	 -0.032349
1746544854	 58.262	 -0.997257	 -0.996952	 0.999451	 1.618652	 1.328430	 -4.854126	 1.632996	 0.013123
1746544855	 58.385	 -0.997295	 -0.997009	 0.999451	 1.618958	 1.328735	 -4.851990	 1.633606	 -0.043640
1746544856	 58.231	 -0.996857	 -0.996628	 0.999451	 1.617737	 1.328125	 -4.850159	 1.633301	 0.106812
1746544857	 58.339	 -0.997391	 -0.996933	 0.999451	 1.618652	 1.328430	 -4.855652	 1.633606	 0.008850
1746544858	 58.200	 -0.997200	 -0.996914	 0.999451	 1.618958	 1.328735	 -4.851990	 1.632996	 0.033264
1746544859	 58.400	 -0.997143	 -0.996838	 0.999451	 1.618652	 1.329041	 -4.855042	 1.633606	 0.032959
1746544860	 58.754	 -0.997295	 -0.996914	 0.999451	 1.618958	 1.329346	 -4.851990	 1.633301	 -0.028076
1746544861	 58.323	 -0.997105	 -0.996647	 0.999451	 1.618042	 1.328735	 -4.853210	 1.632996	 0.084534
1746544862	 58.862	 -0.997372	 -0.996933	 0.999451	 1.618958	 1.329346	 -4.852600	 1.633606	 -0.095215
1746544863	 58.062	 -0.997143	 -0.996895	 0.999756	 1.618347	 1.329346	 -4.851990	 1.632996	 -0.015869
1746544864	 58.769	 -0.997276	 -0.996819	 0.999451	 1.618652	 1.329346	 -4.856262	 1.632996	 0.067444
1746544865	 58.785	 -0.997200	 -0.996819	 0.999756	 1.618652	 1.329041	 -4.852600	 1.633301	 0.007935
1746544866	 58.323	 -0.997334	 -0.997009	 0.999451	 1.618958	 1.329346	 -4.856873	 1.633606	 0.015564
1746544867	 58.892	 -0.997219	 -0.996838	 0.999756	 1.617432	 1.329651	 -4.852600	 1.633606	 0.053406
1746544868	 58.554	 -0.997314	 -0.996819	 0.999756	 1.618958	 1.329651	 -4.851685	 1.633606	 -0.017395
1746544869	 58.216	 -0.997334	 -0.996952	 0.999451	 1.618958	 1.329651	 -4.852295	 1.632690	 -0.046387
1746544870	 58.739	 -0.997314	 -0.996990	 0.999756	 1.618958	 1.329956	 -4.851685	 1.633301	 -0.028992
1746544871	 57.985	 -0.997429	 -0.997009	 0.999451	 1.619263	 1.329956	 -4.852905	 1.633301	 -0.110779
1746544872	 57.401	 -0.997334	 -0.996914	 0.999451	 1.618958	 1.329651	 -4.852905	 1.632996	 -0.046692
1746544873	 57.677	 -0.997467	 -0.997105	 0.999756	 1.618652	 1.329956	 -4.856262	 1.632996	 -0.036011
1746544874	 58.262	 -0.997238	 -0.996952	 0.999451	 1.618652	 1.329651	 -4.855042	 1.632996	 0.022888
1746544875	 58.646	 -0.997562	 -0.997181	 0.999756	 1.619263	 1.330566	 -4.851685	 1.632996	 -0.105286
1746544876	 58.939	 -0.997391	 -0.997028	 0.999451	 1.618652	 1.329956	 -4.856262	 1.633606	 0.030823
1746544877	 57.585	 -0.997295	 -0.996990	 0.999451	 1.618652	 1.329956	 -4.850769	 1.633301	 0.017700
1746544878	 58.631	 -0.997314	 -0.996952	 0.999451	 1.618347	 1.329651	 -4.855347	 1.633301	 0.083923
1746544879	 58.692	 -0.997105	 -0.996838	 0.999451	 1.618958	 1.330261	 -4.851990	 1.633301	 -0.003967
1746544880	 58.385	 -0.997181	 -0.997086	 0.999451	 1.618958	 1.329956	 -4.855652	 1.633301	 0.010071
1746544881	 57.862	 -0.997353	 -0.997105	 0.999756	 1.618652	 1.330261	 -4.855652	 1.632996	 -0.061951
1746544882	 58.723	 -0.997372	 -0.996990	 0.999756	 1.618958	 1.329956	 -4.851379	 1.632996	 0.036011
1746544883	 58.708	 -0.997028	 -0.996723	 0.999451	 1.618347	 1.329651	 -4.852600	 1.632996	 0.095215
1746544884	 57.739	 -0.997372	 -0.996933	 0.999756	 1.618958	 1.330261	 -4.853821	 1.633606	 -0.038147
1746544885	 58.477	 -0.997181	 -0.996685	 0.999451	 1.618652	 1.329956	 -4.850769	 1.632996	 0.047607
1746544886	 58.339	 -0.997448	 -0.997066	 0.999451	 1.619263	 1.330261	 -4.855042	 1.632996	 -0.071716
1746544887	 58.431	 -0.997162	 -0.996838	 0.999451	 1.618652	 1.329651	 -4.851379	 1.633301	 -0.003357
1746544888	 58.569	 -0.997314	 -0.996990	 0.999451	 1.618958	 1.329956	 -4.850769	 1.633301	 0.018005
1746544889	 58.446	 -0.997295	 -0.997047	 0.999756	 1.618652	 1.329346	 -4.851990	 1.632996	 -0.013123
1746544890	 58.416	 -0.997295	 -0.996971	 0.999451	 1.618958	 1.329651	 -4.852600	 1.632690	 -0.032043
1746544891	 58.262	 -0.996990	 -0.996742	 0.999756	 1.618347	 1.329041	 -4.851685	 1.632690	 0.107117
1746544892	 58.339	 -0.997219	 -0.996914	 0.999451	 1.618958	 1.329346	 -4.852295	 1.633301	 -0.013733
1746544893	 58.093	 -0.997219	 -0.996914	 0.999451	 1.618958	 1.329651	 -4.852905	 1.632996	 -0.029297
1746544894	 58.754	 -0.997238	 -0.996799	 0.999451	 1.618958	 1.329041	 -4.856567	 1.633606	 0.043640
1746544895	 58.231	 -0.997257	 -0.996799	 0.999756	 1.618958	 1.329651	 -4.850769	 1.632996	 0.026855
1746544896	 58.293	 -0.997105	 -0.996876	 0.999451	 1.618347	 1.329041	 -4.850159	 1.632996	 0.001831
1746544897	 58.785	 -0.997276	 -0.997047	 0.999451	 1.618958	 1.329346	 -4.854431	 1.632996	 -0.091858
1746544898	 58.493	 -0.997295	 -0.996895	 1.000061	 1.618347	 1.329041	 -4.853516	 1.632996	 -0.021667
1746544899	 58.000	 -0.997238	 -0.997028	 0.999451	 1.618958	 1.329041	 -4.853210	 1.633301	 0.027771
1746544900	 58.723	 -0.997410	 -0.997028	 0.999756	 1.618652	 1.329346	 -4.853210	 1.632996	 -0.040894
1746544901	 58.662	 -0.997581	 -0.997124	 0.999451	 1.618652	 1.329651	 -4.856262	 1.633606	 -0.017090
1746544902	 58.323	 -0.997257	 -0.996990	 0.999756	 1.618652	 1.328735	 -4.857178	 1.633301	 0.033875
1746544903	 58.662	 -0.997200	 -0.996895	 0.999451	 1.618652	 1.329041	 -4.851379	 1.632996	 0.043030
1746544904	 58.631	 -0.997353	 -0.997086	 0.999756	 1.618652	 1.328735	 -4.850769	 1.633606	 -0.054016
1746544905	 58.062	 -0.997353	 -0.997047	 0.999756	 1.618958	 1.329346	 -4.853821	 1.632996	 -0.060425
1746544906	 58.354	 -0.997334	 -0.996761	 0.999756	 1.618042	 1.328430	 -4.852905	 1.633301	 0.155334
1746544907	 58.539	 -0.997257	 -0.996990	 0.999756	 1.618652	 1.329346	 -4.850769	 1.632996	 -0.056152
1746544908	 58.016	 -0.997238	 -0.996914	 0.999451	 1.618958	 1.329346	 -4.856262	 1.632996	 -0.014343
1746544909	 58.692	 -0.997620	 -0.997200	 0.999451	 1.618958	 1.329651	 -4.851379	 1.632690	 -0.126648
1746544910	 59.031	 -0.997429	 -0.997066	 0.999756	 1.619263	 1.329651	 -4.853516	 1.633301	 -0.063782
1746544911	 58.385	 -0.997162	 -0.996780	 0.999451	 1.618042	 1.329041	 -4.851379	 1.632996	 0.163879
1746544912	 59.015	 -0.997181	 -0.996799	 0.999451	 1.618958	 1.329651	 -4.851990	 1.633301	 -0.110168
1746544913	 58.031	 -0.997334	 -0.996933	 0.999756	 1.618958	 1.329651	 -4.854126	 1.632996	 -0.090637
1746544914	 58.369	 -0.997429	 -0.996990	 0.999451	 1.618958	 1.329956	 -4.855957	 1.633606	 -0.033569
1746544915	 58.723	 -0.997028	 -0.996685	 0.999146	 1.618042	 1.329346	 -4.854431	 1.633606	 0.095215
1746544916	 58.139	 -0.997105	 -0.996761	 0.999451	 1.618958	 1.329651	 -4.852905	 1.633301	 -0.038757
1746544917	 57.985	 -0.997353	 -0.996952	 0.999451	 1.618958	 1.330566	 -4.851990	 1.632996	 -0.086670
1746544918	 58.231	 -0.997505	 -0.997143	 0.999756	 1.618958	 1.329651	 -4.855042	 1.633301	 -0.062561
1746544919	 59.138	 -0.997372	 -0.996895	 0.999756	 1.618347	 1.329651	 -4.856567	 1.633301	 0.002136
1746544920	 58.293	 -0.997314	 -0.996971	 0.999756	 1.618652	 1.330261	 -4.851990	 1.632996	 -0.021362
1746544921	 57.616	 -0.997486	 -0.997238	 0.999756	 1.619263	 1.330566	 -4.856567	 1.632996	 -0.108948
1746544922	 58.154	 -0.997238	 -0.996819	 0.999756	 1.618652	 1.329956	 -4.850464	 1.632996	 0.037842
1746544923	 58.046	 -0.997353	 -0.996857	 0.999451	 1.618652	 1.329651	 -4.857483	 1.633606	 -0.019226
1746544924	 58.308	 -0.997429	 -0.997124	 0.999756	 1.618652	 1.330261	 -4.851990	 1.633301	 -0.032043
1746544925	 58.108	 -0.997448	 -0.997028	 0.999756	 1.619263	 1.330261	 -4.856262	 1.632996	 -0.090637
1746544926	 58.185	 -0.997410	 -0.996895	 1.000061	 1.618652	 1.330261	 -4.851990	 1.632996	 -0.027466
1746544927	 58.554	 -0.997066	 -0.996780	 0.999756	 1.618042	 1.329651	 -4.853516	 1.632996	 0.071411
1746544928	 58.846	 -0.997276	 -0.996895	 0.999451	 1.619263	 1.330872	 -4.854431	 1.633606	 -0.044556
1746544929	 58.477	 -0.997181	 -0.996876	 0.999756	 1.618958	 1.329956	 -4.851379	 1.633606	 0.007629
1746544930	 58.323	 -0.997047	 -0.996742	 0.999756	 1.618042	 1.329956	 -4.853821	 1.633301	 0.077209
1746544931	 59.431	 -0.997334	 -0.996971	 0.999451	 1.618347	 1.330566	 -4.855652	 1.632996	 -0.036621
1746544932	 58.539	 -0.997505	 -0.997086	 0.999756	 1.618347	 1.330566	 -4.851990	 1.633301	 0.000305
1746544933	 58.323	 -0.997276	 -0.996933	 0.999451	 1.618347	 1.330566	 -4.850769	 1.633606	 0.018005
1746544934	 58.662	 -0.997334	 -0.997086	 0.999451	 1.618652	 1.330872	 -4.854736	 1.633301	 -0.016174
1746544935	 58.093	 -0.997334	 -0.996971	 0.999756	 1.619263	 1.331177	 -4.852295	 1.633301	 -0.060120
1746544936	 57.985	 -0.997200	 -0.996819	 0.998840	 1.618958	 1.330872	 -4.854126	 1.632996	 0.045471
1746544937	 58.815	 -0.997353	 -0.996990	 1.000061	 1.618652	 1.331177	 -4.855652	 1.633301	 -0.015259
1746544938	 58.077	 -0.997353	 -0.997219	 1.000061	 1.619568	 1.330872	 -4.849548	 1.632996	 -0.000305
1746544939	 58.262	 -0.997028	 -0.996628	 0.999146	 1.618347	 1.330566	 -4.852905	 1.632690	 0.027161
1746544940	 58.446	 -0.997295	 -0.996971	 0.999451	 1.619263	 1.331177	 -4.855957	 1.633301	 -0.060120
1746544941	 58.369	 -0.997391	 -0.996990	 0.999451	 1.619263	 1.331482	 -4.853516	 1.633911	 -0.083923
1746544942	 58.354	 -0.997314	 -0.996933	 0.999451	 1.618652	 1.331177	 -4.850769	 1.633606	 -0.008240
1746544943	 58.446	 -0.997353	 -0.997047	 0.999756	 1.618347	 1.331177	 -4.853210	 1.632996	 0.051270
1746544944	 58.031	 -0.997372	 -0.996933	 0.999146	 1.618652	 1.331177	 -4.855347	 1.633606	 0.014343
1746544945	 58.262	 -0.997257	 -0.997047	 0.999451	 1.618958	 1.331787	 -4.852295	 1.632996	 -0.052490
1746544946	 57.862	 -0.997162	 -0.996761	 0.999756	 1.618347	 1.331482	 -4.850159	 1.632996	 -0.002136
1746544947	 58.523	 -0.997334	 -0.996990	 0.999756	 1.618652	 1.331177	 -4.855042	 1.632996	 0.019531
1746544948	 59.031	 -0.997334	 -0.996914	 0.999451	 1.618652	 1.331787	 -4.851685	 1.633606	 -0.045471
1746544949	 58.385	 -0.997200	 -0.996952	 0.999756	 1.618347	 1.331177	 -4.854736	 1.633606	 0.015259
1746544950	 58.277	 -0.997276	 -0.996857	 0.999756	 1.618958	 1.331787	 -4.851685	 1.633301	 -0.013733
1746544951	 59.185	 -0.997334	 -0.997086	 0.999451	 1.618042	 1.331482	 -4.855042	 1.633606	 0.049133
1746544952	 58.416	 -0.997047	 -0.996742	 0.999756	 1.618347	 1.331177	 -4.851990	 1.632996	 0.053406
1746544953	 59.092	 -0.997181	 -0.996857	 0.999451	 1.618652	 1.331787	 -4.855652	 1.633301	 0.000916
1746544954	 58.692	 -0.997295	 -0.997009	 0.999451	 1.618958	 1.332092	 -4.852600	 1.633606	 -0.074768
1746544955	 58.877	 -0.997200	 -0.996819	 0.999451	 1.618042	 1.331482	 -4.855042	 1.633606	 0.072632
1746544956	 58.400	 -0.997238	 -0.996952	 1.000061	 1.618958	 1.331787	 -4.850769	 1.632996	 0.001526
1746544957	 58.493	 -0.997143	 -0.996819	 0.999451	 1.619263	 1.331787	 -4.850159	 1.632996	 0.032654
1746544958	 57.739	 -0.997334	 -0.996933	 0.999451	 1.618652	 1.331787	 -4.856873	 1.633301	 -0.049133
1746544959	 57.831	 -0.997314	 -0.996895	 0.999756	 1.618652	 1.331787	 -4.853210	 1.633606	 -0.049133
1746544960	 58.800	 -0.997105	 -0.996685	 0.999451	 1.618347	 1.331787	 -4.851379	 1.632996	 0.067139
1746544961	 58.539	 -0.997257	 -0.996914	 0.999451	 1.618652	 1.331482	 -4.854736	 1.633301	 0.071106
1746544962	 58.200	 -0.997353	 -0.996838	 0.999451	 1.618958	 1.332092	 -4.851990	 1.633301	 -0.069275
1746544963	 58.692	 -0.997143	 -0.996876	 0.999756	 1.618347	 1.331482	 -4.858093	 1.633301	 0.083618
1746544964	 58.446	 -0.997295	 -0.996914	 0.999451	 1.618347	 1.332092	 -4.851379	 1.633606	 0.034180
1746544965	 57.662	 -0.997391	 -0.997086	 0.999451	 1.618958	 1.332397	 -4.854126	 1.633301	 -0.070190
1746544966	 58.154	 -0.997162	 -0.996799	 0.999451	 1.618652	 1.332092	 -4.851685	 1.633606	 0.014954
1746544967	 58.739	 -0.997391	 -0.997028	 0.999451	 1.618958	 1.332092	 -4.856873	 1.633606	 -0.023804
1746544968	 58.539	 -0.997467	 -0.997143	 0.999756	 1.618652	 1.332092	 -4.851990	 1.632996	 -0.033569
1746544969	 58.339	 -0.997200	 -0.996971	 0.999451	 1.618652	 1.331787	 -4.853210	 1.633301	 0.016174
1746544970	 57.677	 -0.997372	 -0.997105	 0.999451	 1.618958	 1.332703	 -4.856262	 1.632996	 -0.079041
1746544971	 58.031	 -0.997276	 -0.996990	 0.999756	 1.618958	 1.332397	 -4.851074	 1.633606	 -0.032959
1746544972	 57.862	 -0.997009	 -0.996628	 0.999451	 1.617737	 1.332397	 -4.852600	 1.632996	 0.103760
1746544973	 58.323	 -0.997181	 -0.996952	 0.999451	 1.618652	 1.332397	 -4.856873	 1.633606	 0.040283
1746544974	 58.539	 -0.997353	 -0.997124	 0.999451	 1.618958	 1.332397	 -4.855347	 1.632996	 -0.069885
1746544975	 57.662	 -0.997448	 -0.997066	 0.999451	 1.618958	 1.332703	 -4.851990	 1.632996	 -0.061646
1746544976	 57.985	 -0.997257	 -0.996857	 0.999451	 1.618652	 1.332703	 -4.852600	 1.632996	 -0.007935
1746544977	 57.708	 -0.997238	 -0.996819	 0.999451	 1.618652	 1.333008	 -4.852295	 1.633606	 -0.036926
1746544978	 58.569	 -0.997276	 -0.996914	 0.999756	 1.618652	 1.333008	 -4.849854	 1.632996	 0.019836
1746544979	 58.631	 -0.997467	 -0.997105	 0.999451	 1.619263	 1.333313	 -4.854431	 1.632996	 -0.049133
1746544980	 57.677	 -0.997143	 -0.996838	 0.999756	 1.618652	 1.333313	 -4.850769	 1.633301	 0.027771
1746544981	 58.000	 -0.997334	 -0.996876	 0.999451	 1.618347	 1.333618	 -4.852600	 1.632996	 -0.005188
1746544982	 58.077	 -0.997276	 -0.997086	 0.999451	 1.619263	 1.334534	 -4.851990	 1.633301	 -0.092773
1746544983	 57.862	 -0.997276	 -0.997047	 1.000061	 1.618958	 1.334229	 -4.856262	 1.633301	 0.025940
1746544984	 58.815	 -0.997353	 -0.996933	 0.999756	 1.618652	 1.334839	 -4.851990	 1.633301	 0.004883
1746544985	 59.031	 -0.997105	 -0.996761	 0.999451	 1.618347	 1.335144	 -4.852600	 1.632996	 0.034485
1746544986	 58.323	 -0.997353	 -0.997124	 0.999451	 1.618958	 1.335449	 -4.855652	 1.632996	 -0.076599
1746544987	 58.246	 -0.997391	 -0.996933	 0.999451	 1.618652	 1.336060	 -4.849548	 1.632996	 -0.050354
1746544988	 57.985	 -0.997238	 -0.996895	 0.999756	 1.618347	 1.335449	 -4.855652	 1.632996	 -0.000610
1746544989	 58.431	 -0.997314	 -0.996895	 0.999451	 1.618652	 1.336060	 -4.853821	 1.632996	 -0.051270
1746544990	 58.831	 -0.997219	 -0.996819	 0.999451	 1.618652	 1.335449	 -4.852295	 1.633606	 0.023193
1746544991	 59.092	 -0.997353	 -0.996895	 0.999451	 1.618958	 1.335754	 -4.853821	 1.633301	 -0.047913
1746544992	 59.200	 -0.997200	 -0.996914	 0.999146	 1.618652	 1.335754	 -4.852600	 1.633301	 0.023193
1746544993	 57.985	 -0.997448	 -0.997009	 0.999756	 1.618347	 1.334839	 -4.853821	 1.633606	 -0.011597
1746544994	 58.493	 -0.997372	 -0.997143	 0.999146	 1.618958	 1.335144	 -4.852295	 1.633301	 -0.072632
1746544995	 58.493	 -0.997066	 -0.996819	 0.999451	 1.618347	 1.334534	 -4.855042	 1.633606	 0.061340
1746544996	 58.369	 -0.997295	 -0.997009	 0.999451	 1.618958	 1.334534	 -4.855652	 1.633606	 -0.051575
1746544997	 58.123	 -0.997467	 -0.997066	 0.999451	 1.618958	 1.333923	 -4.851990	 1.632385	 -0.055847
1746544998	 58.892	 -0.997276	 -0.997009	 0.999451	 1.618958	 1.334229	 -4.850159	 1.632996	 -0.046997
1746544999	 57.785	 -0.997047	 -0.996704	 0.999756	 1.618042	 1.333313	 -4.852600	 1.632996	 0.134888
1746545000	 58.862	 -0.997410	 -0.997086	 0.999756	 1.618652	 1.334229	 -4.852600	 1.633301	 -0.046997
1746545001	 58.262	 -0.997047	 -0.996723	 0.999756	 1.618652	 1.333923	 -4.851685	 1.632996	 0.028992
1746545002	 58.262	 -0.997448	 -0.997066	 0.999756	 1.618958	 1.334229	 -4.854126	 1.633301	 -0.027771
1746545003	 57.662	 -0.997124	 -0.996838	 0.999451	 1.618042	 1.333618	 -4.852600	 1.632996	 0.091553
1746545004	 58.723	 -0.997200	 -0.996799	 0.999756	 1.618958	 1.334229	 -4.856567	 1.633301	 -0.019226
1746545005	 58.154	 -0.997219	 -0.996876	 0.999451	 1.618958	 1.334229	 -4.851990	 1.633606	 -0.018921
1746545006	 58.585	 -0.997047	 -0.996590	 0.999451	 1.618347	 1.333618	 -4.851379	 1.633606	 0.034180
1746545007	 57.554	 -0.997372	 -0.996952	 0.999756	 1.618958	 1.334229	 -4.856262	 1.633301	 -0.069275
1746545008	 58.262	 -0.997372	 -0.996952	 0.999756	 1.618958	 1.334534	 -4.853821	 1.632996	 -0.059204
1746545009	 57.939	 -0.997181	 -0.996838	 0.999756	 1.618347	 1.334534	 -4.855347	 1.633301	 0.003662
1746545010	 58.631	 -0.997448	 -0.997028	 0.999451	 1.618958	 1.334534	 -4.853821	 1.632996	 -0.056458
1746545011	 58.431	 -0.997276	 -0.996895	 0.999451	 1.618958	 1.334839	 -4.852905	 1.632996	 -0.049744
1746545012	 58.692	 -0.997391	 -0.996838	 0.999756	 1.618347	 1.333923	 -4.853516	 1.633301	 0.048218
1746545013	 59.000	 -0.997200	 -0.996819	 0.999451	 1.619263	 1.334839	 -4.856262	 1.632996	 -0.047913
1746545014	 58.231	 -0.997295	 -0.997009	 0.999451	 1.618652	 1.334839	 -4.856567	 1.633301	 0.000916
1746545015	 58.385	 -0.997505	 -0.997124	 0.999451	 1.618958	 1.334534	 -4.856262	 1.632996	 -0.079651
1746545016	 59.246	 -0.997391	 -0.997028	 0.999756	 1.618652	 1.334229	 -4.856873	 1.632996	 -0.050659
1746545017	 58.108	 -0.997372	 -0.997047	 0.999451	 1.618347	 1.334229	 -4.857483	 1.633301	 -0.008545
1746545018	 58.662	 -0.997295	 -0.996971	 0.999756	 1.618958	 1.334839	 -4.851990	 1.633606	 0.022278
1746545019	 57.539	 -0.997162	 -0.996895	 0.999756	 1.618347	 1.334534	 -4.850769	 1.633606	 -0.043640
1746545020	 57.708	 -0.997276	 -0.997105	 0.999451	 1.618652	 1.334534	 -4.854431	 1.633301	 -0.020447
1746545021	 58.262	 -0.997334	 -0.996838	 0.999756	 1.618652	 1.334534	 -4.851990	 1.633301	 -0.001526
1746545022	 58.877	 -0.997105	 -0.996780	 0.999451	 1.618652	 1.334534	 -4.853821	 1.633301	 0.036316
1746545023	 58.862	 -0.997276	 -0.997009	 0.999756	 1.618958	 1.334839	 -4.851990	 1.632996	 -0.054321
1746545024	 58.462	 -0.997066	 -0.996761	 1.000061	 1.618958	 1.334839	 -4.850769	 1.632996	 0.004883
1746545025	 57.524	 -0.997276	 -0.996933	 0.999451	 1.618347	 1.334839	 -4.854431	 1.632996	 0.002747
1746545026	 58.416	 -0.997314	 -0.997162	 0.999451	 1.619263	 1.335754	 -4.852295	 1.632996	 -0.048828
1746545027	 59.308	 -0.997200	 -0.996780	 0.999756	 1.618958	 1.335144	 -4.851074	 1.632996	 0.032349
1746545028	 58.170	 -0.997314	 -0.997066	 0.999451	 1.618042	 1.334534	 -4.856567	 1.633301	 0.039978
1746545029	 57.923	 -0.997257	 -0.997047	 0.999756	 1.619263	 1.335449	 -4.849854	 1.633606	 -0.008545
1746545030	 58.016	 -0.997143	 -0.996819	 0.999756	 1.618958	 1.335449	 -4.852905	 1.633301	 0.024109
1746545031	 58.662	 -0.997143	 -0.996761	 0.999756	 1.620178	 1.335449	 -4.853821	 1.633606	 -0.072327
1746545032	 57.693	 -0.997314	 -0.996914	 0.999451	 1.618958	 1.335754	 -4.851379	 1.632996	 -0.085449
1746545033	 58.877	 -0.997181	 -0.996704	 0.999756	 1.618652	 1.335449	 -4.852295	 1.633301	 -0.011292
1746545034	 58.339	 -0.997219	 -0.996857	 0.999451	 1.618652	 1.335449	 -4.856262	 1.632996	 0.014648
1746545035	 58.400	 -0.997429	 -0.997105	 0.999146	 1.619568	 1.336365	 -4.853210	 1.633301	 -0.096741
1746545036	 58.677	 -0.997505	 -0.997162	 0.999451	 1.618958	 1.336060	 -4.851379	 1.633606	 0.016785
1746545037	 58.400	 -0.997372	 -0.996933	 0.999451	 1.618958	 1.336365	 -4.852905	 1.632996	 -0.029907
1746545038	 58.000	 -0.997372	 -0.997009	 0.999451	 1.618652	 1.336060	 -4.851379	 1.632690	 -0.032043
1746545039	 58.400	 -0.997162	 -0.996799	 0.999451	 1.618347	 1.336060	 -4.850159	 1.632996	 0.037842
1746545040	 58.539	 -0.997257	 -0.996895	 0.999451	 1.618958	 1.336365	 -4.854736	 1.633301	 -0.006409
1746545041	 58.908	 -0.997257	 -0.996914	 0.999451	 1.618347	 1.336060	 -4.853210	 1.633606	 -0.057068
1746545042	 58.646	 -0.997334	 -0.996799	 0.999451	 1.619263	 1.336670	 -4.850769	 1.633606	 -0.048523
1746545043	 58.354	 -0.997429	 -0.996971	 0.999451	 1.618652	 1.336670	 -4.851379	 1.633606	 -0.000305
1746545044	 58.662	 -0.997219	 -0.996971	 0.999451	 1.618958	 1.336670	 -4.851990	 1.632996	 -0.010681
1746545045	 58.815	 -0.997124	 -0.996723	 0.999451	 1.618347	 1.336365	 -4.851379	 1.632996	 0.041809
1746545046	 59.000	 -0.997276	 -0.996761	 0.999756	 1.619263	 1.336975	 -4.851685	 1.632690	 -0.008240
1746545047	 58.692	 -0.997314	 -0.996990	 0.999451	 1.618347	 1.336365	 -4.855652	 1.632996	 0.010986
1746545048	 58.539	 -0.997372	 -0.996857	 0.999146	 1.618652	 1.336365	 -4.853821	 1.633301	 -0.050049
1746545049	 58.262	 -0.997314	 -0.996876	 0.999756	 1.618347	 1.336670	 -4.851990	 1.633301	 -0.048523
1746545050	 58.477	 -0.997372	 -0.997009	 0.999451	 1.618958	 1.336670	 -4.853821	 1.633606	 -0.003967
1746545051	 58.200	 -0.997257	 -0.996952	 0.999451	 1.618652	 1.336365	 -4.851379	 1.632996	 0.005493
1746545052	 58.493	 -0.997276	 -0.996819	 0.999451	 1.618652	 1.336060	 -4.851074	 1.633301	 0.045166
1746545053	 57.862	 -0.997334	 -0.997047	 0.999451	 1.618652	 1.335754	 -4.854431	 1.632996	 -0.007629
1746545054	 58.877	 -0.997372	 -0.997086	 0.999451	 1.619263	 1.336975	 -4.855652	 1.633301	 -0.066833
1746545055	 58.508	 -0.997257	 -0.996857	 0.999451	 1.618958	 1.336365	 -4.852600	 1.632996	 -0.058899
1746545056	 58.939	 -0.997410	 -0.997257	 0.999756	 1.618958	 1.336670	 -4.852295	 1.632996	 -0.083923
1746545057	 57.923	 -0.997238	 -0.996799	 0.999146	 1.618958	 1.336670	 -4.851685	 1.632996	 -0.014343
1746545058	 58.785	 -0.997353	 -0.996895	 0.999451	 1.618958	 1.336975	 -4.853210	 1.632385	 -0.053711
1746545059	 58.523	 -0.997353	 -0.997105	 0.999451	 1.619263	 1.337280	 -4.852295	 1.632690	 -0.080872
1746545060	 58.877	 -0.997372	 -0.997009	 0.999451	 1.618347	 1.336670	 -4.855652	 1.632996	 -0.028992
1746545061	 58.600	 -0.997334	 -0.997066	 0.999451	 1.618958	 1.336670	 -4.853210	 1.633606	 -0.040894
1746545062	 58.046	 -0.997505	 -0.997086	 0.999756	 1.618958	 1.336975	 -4.851379	 1.632996	 -0.022583
1746545063	 58.785	 -0.997200	 -0.996857	 0.999451	 1.618958	 1.336975	 -4.851379	 1.632996	 -0.015259
1746545064	 58.754	 -0.997372	 -0.997105	 0.999451	 1.618958	 1.337280	 -4.853516	 1.633301	 -0.006714
1746545065	 58.200	 -0.997334	 -0.996876	 0.999451	 1.618652	 1.336670	 -4.856567	 1.633301	 -0.010376
1746545066	 58.385	 -0.997353	 -0.997028	 0.999451	 1.618652	 1.336975	 -4.856567	 1.632996	 -0.081482
1746545067	 58.585	 -0.997429	 -0.996990	 0.999451	 1.618347	 1.336975	 -4.851379	 1.634216	 -0.020142
1746545068	 58.892	 -0.997124	 -0.996952	 0.999756	 1.618347	 1.336670	 -4.855042	 1.633301	 0.087585
1746545069	 57.893	 -0.997314	 -0.997028	 0.999756	 1.618958	 1.336975	 -4.853210	 1.632996	 -0.027771
1746545070	 58.754	 -0.997410	 -0.997086	 0.999451	 1.618652	 1.337280	 -4.852600	 1.633301	 -0.082703
1746545071	 58.692	 -0.997295	 -0.996990	 0.998840	 1.618652	 1.337280	 -4.851379	 1.633301	 0.017090
1746545072	 58.539	 -0.997086	 -0.996647	 0.999451	 1.618347	 1.336975	 -4.853821	 1.633301	 0.083313
1746545073	 58.185	 -0.997372	 -0.996952	 0.999451	 1.619263	 1.336975	 -4.856262	 1.632996	 0.000305
1746545074	 58.508	 -0.997505	 -0.997162	 0.999756	 1.619263	 1.337891	 -4.857788	 1.633606	 -0.077515
1746545075	 58.031	 -0.997429	 -0.996933	 0.999451	 1.618958	 1.337280	 -4.855042	 1.633301	 -0.033569
1746545076	 58.477	 -0.997314	 -0.996933	 0.999756	 1.618958	 1.337891	 -4.850769	 1.632996	 -0.003967
1746545077	 58.216	 -0.997086	 -0.996723	 0.999451	 1.619263	 1.337585	 -4.851379	 1.633301	 -0.044861
1746545078	 58.662	 -0.997238	 -0.996952	 0.999451	 1.618347	 1.337891	 -4.856873	 1.633606	 0.029602
1746545079	 58.662	 -0.997257	 -0.996704	 0.999756	 1.618958	 1.337891	 -4.853821	 1.633606	 0.023804
1746545080	 58.277	 -0.997334	 -0.996838	 0.999451	 1.618347	 1.337891	 -4.856262	 1.633911	 -0.005493
1746545081	 58.431	 -0.997257	 -0.996914	 0.999451	 1.618958	 1.337891	 -4.850464	 1.633606	 -0.022278
1746545082	 58.462	 -0.997334	 -0.996914	 0.999451	 1.618347	 1.337280	 -4.851990	 1.633606	 0.148926
1746545083	 58.385	 -0.996895	 -0.996685	 0.999756	 1.618652	 1.337891	 -4.852905	 1.632996	 -0.004272
1746545084	 58.877	 -0.997410	 -0.997086	 0.999756	 1.618958	 1.338806	 -4.851990	 1.632996	 -0.093994
1746545085	 58.277	 -0.997372	 -0.997066	 0.999451	 1.618958	 1.338196	 -4.851379	 1.633606	 -0.068054
1746545086	 58.539	 -0.997047	 -0.996685	 0.999451	 1.618347	 1.337891	 -4.850159	 1.632996	 0.068054
1746545087	 58.939	 -0.997181	 -0.996876	 0.999451	 1.618042	 1.338196	 -4.853516	 1.632996	 0.042419
1746545088	 58.354	 -0.997353	 -0.996990	 0.999146	 1.619263	 1.338196	 -4.855347	 1.632996	 -0.043640
1746545089	 58.508	 -0.997581	 -0.997124	 0.999451	 1.618958	 1.338806	 -4.851990	 1.633606	 -0.112610
1746545090	 58.662	 -0.997124	 -0.996780	 0.999451	 1.618347	 1.338196	 -4.849548	 1.632690	 0.087280
1746545091	 58.585	 -0.997334	 -0.997009	 0.999756	 1.618652	 1.339111	 -4.853516	 1.633301	 0.010986
1746545092	 58.123	 -0.997314	 -0.996838	 0.999756	 1.618958	 1.339111	 -4.856262	 1.633301	 -0.023804
1746545093	 58.170	 -0.997353	 -0.997066	 0.999451	 1.618958	 1.339722	 -4.854126	 1.633606	 0.010986
1746545094	 58.231	 -0.997314	 -0.997066	 0.999451	 1.618958	 1.340332	 -4.851990	 1.633301	 -0.022583
1746545095	 58.708	 -0.997372	 -0.997009	 0.999756	 1.618958	 1.340332	 -4.851990	 1.633301	 -0.020447
1746545096	 58.385	 -0.997295	 -0.996857	 1.000061	 1.618652	 1.340332	 -4.854126	 1.632385	 0.023193
1746545097	 58.431	 -0.997372	 -0.997047	 0.999756	 1.618652	 1.340332	 -4.855652	 1.633301	 -0.014038
1746545098	 58.754	 -0.997276	 -0.996876	 0.999451	 1.618958	 1.341248	 -4.851685	 1.633301	 -0.065918
1746545099	 57.662	 -0.997200	 -0.996838	 0.999146	 1.618958	 1.340637	 -4.852600	 1.632996	 0.027161
1746545100	 59.200	 -0.997543	 -0.997124	 0.999756	 1.618958	 1.340942	 -4.854431	 1.632996	 -0.025330
1746545101	 58.769	 -0.997372	 -0.996914	 0.999451	 1.618652	 1.341248	 -4.851074	 1.633301	 -0.042725
1746545102	 58.585	 -0.997047	 -0.996685	 0.999451	 1.618652	 1.340637	 -4.850464	 1.633301	 0.089722
1746545103	 58.416	 -0.997143	 -0.996799	 0.999451	 1.618347	 1.340332	 -4.852295	 1.632996	 0.072937
1746545104	 58.523	 -0.997143	 -0.996799	 0.999451	 1.618347	 1.340332	 -4.851990	 1.632996	 0.067139
1746545105	 58.754	 -0.997200	 -0.996761	 0.999756	 1.618652	 1.340027	 -4.855652	 1.632996	 0.010376
1746545106	 58.339	 -0.997257	 -0.996838	 0.999451	 1.618958	 1.340332	 -4.856262	 1.633606	 -0.011902
1746545107	 58.216	 -0.997162	 -0.996857	 0.999451	 1.618652	 1.340027	 -4.849548	 1.633606	 0.020142
1746545108	 58.908	 -0.997334	 -0.996971	 0.999146	 1.618958	 1.340332	 -4.855957	 1.633606	 -0.071411
1746545109	 58.569	 -0.997391	 -0.997105	 0.999451	 1.618958	 1.339417	 -4.853210	 1.632996	 -0.069885
1746545110	 58.462	 -0.997086	 -0.996704	 0.999451	 1.618958	 1.339722	 -4.849854	 1.632690	 -0.003967
1746545111	 58.416	 -0.997334	 -0.997028	 0.999451	 1.618652	 1.339417	 -4.855347	 1.632996	 -0.029602
1746545112	 58.508	 -0.997219	 -0.996819	 0.999451	 1.618347	 1.339111	 -4.855042	 1.633606	 0.022278
1746545113	 58.877	 -0.997505	 -0.997105	 0.999756	 1.618958	 1.339417	 -4.858093	 1.632996	 -0.063782
1746545114	 58.677	 -0.997372	 -0.997028	 0.999451	 1.618652	 1.339111	 -4.854431	 1.632996	 -0.057983
1746545115	 58.539	 -0.997238	 -0.996876	 0.999756	 1.618958	 1.339111	 -4.852295	 1.632996	 -0.052490
1746545116	 58.031	 -0.997391	 -0.997009	 0.999451	 1.618347	 1.338806	 -4.851074	 1.633301	 -0.011902
1746545117	 57.800	 -0.997200	 -0.996952	 0.999451	 1.618347	 1.339111	 -4.856262	 1.633301	 -0.017395
1746545118	 58.754	 -0.997467	 -0.997028	 0.999451	 1.618958	 1.339417	 -4.854431	 1.632996	 -0.072937
1746545119	 58.631	 -0.997276	 -0.996952	 0.999451	 1.618347	 1.339417	 -4.853210	 1.633301	 0.003357
1746545120	 58.293	 -0.997105	 -0.996761	 0.999756	 1.619263	 1.339722	 -4.851379	 1.632996	 -0.075989
1746545121	 59.000	 -0.997238	 -0.996971	 0.999756	 1.618347	 1.339722	 -4.852600	 1.633606	 -0.027161
1746545122	 58.354	 -0.997257	 -0.996857	 0.999451	 1.618347	 1.339417	 -4.851685	 1.633606	 0.047607
1746545123	 58.508	 -0.997295	 -0.996838	 0.999756	 1.618958	 1.339722	 -4.851379	 1.632996	 -0.019836
1746545124	 58.585	 -0.997066	 -0.996628	 0.999756	 1.618042	 1.339111	 -4.852905	 1.633301	 0.078125
1746545125	 58.523	 -0.997219	 -0.996971	 0.999756	 1.618958	 1.339722	 -4.856262	 1.633301	 -0.019226
1746545126	 58.139	 -0.997505	 -0.997086	 0.999451	 1.618652	 1.339417	 -4.857483	 1.633606	 -0.029907
1746545127	 57.831	 -0.997257	 -0.996838	 0.999451	 1.618958	 1.340027	 -4.854431	 1.632996	 -0.047913
1746545128	 58.554	 -0.997429	 -0.997047	 0.999756	 1.619263	 1.340332	 -4.852600	 1.632385	 -0.124207
1746545129	 58.446	 -0.996971	 -0.996571	 0.999756	 1.618347	 1.339417	 -4.851990	 1.633606	 0.127869
1746545130	 57.800	 -0.997410	 -0.996971	 0.999756	 1.618652	 1.340027	 -4.855652	 1.633301	 0.020142
1746545131	 58.785	 -0.997314	 -0.997105	 0.999451	 1.618652	 1.340027	 -4.856567	 1.632690	 -0.031433
1746545132	 58.815	 -0.997200	 -0.996857	 0.999451	 1.618958	 1.340637	 -4.851379	 1.633301	 -0.109253
1746545133	 58.369	 -0.997105	 -0.996704	 0.999451	 1.618347	 1.340027	 -4.850464	 1.633301	 0.073547
1746545134	 58.216	 -0.997162	 -0.996838	 0.999451	 1.618958	 1.340332	 -4.854431	 1.632996	 0.035706
1746545135	 58.723	 -0.997353	 -0.997028	 0.999756	 1.618958	 1.340332	 -4.855652	 1.633301	 -0.065613
1746545136	 58.400	 -0.997276	 -0.996971	 0.999146	 1.618652	 1.340637	 -4.854431	 1.632996	 -0.004272
1746545137	 58.754	 -0.997486	 -0.997105	 0.999146	 1.618958	 1.340942	 -4.851990	 1.633606	 -0.104065
1746545138	 58.400	 -0.997200	 -0.996857	 0.999451	 1.618347	 1.340942	 -4.851379	 1.633606	 0.021973
1746545139	 58.877	 -0.997314	 -0.997047	 0.999146	 1.618958	 1.341553	 -4.855042	 1.633301	 -0.027161
1746545140	 58.969	 -0.997295	 -0.996990	 0.999756	 1.618958	 1.341858	 -4.851990	 1.632996	 -0.057983
1746545141	 57.908	 -0.997086	 -0.996819	 0.999756	 1.618347	 1.341858	 -4.852600	 1.632996	 0.070801
1746545142	 58.631	 -0.997105	 -0.996876	 0.999756	 1.618652	 1.342468	 -4.854431	 1.632996	 0.015259
1746545143	 58.108	 -0.997410	 -0.997047	 0.999451	 1.618958	 1.342163	 -4.851379	 1.632996	 -0.036926
1746545144	 58.723	 -0.997334	 -0.996895	 0.999451	 1.618958	 1.343079	 -4.853821	 1.633911	 -0.029297
1746545145	 59.185	 -0.996895	 -0.996552	 0.999756	 1.618652	 1.342468	 -4.848938	 1.633301	 0.064697
1746545146	 57.908	 -0.997314	 -0.997009	 0.999756	 1.618652	 1.342773	 -4.850769	 1.633301	 0.008240
1746545147	 58.692	 -0.997219	 -0.996838	 0.999451	 1.618347	 1.342773	 -4.850769	 1.633301	 0.036621
1746545148	 58.662	 -0.996914	 -0.996513	 0.999451	 1.618042	 1.342468	 -4.851379	 1.632385	 0.111389
1746545149	 58.754	 -0.997314	 -0.996990	 0.999756	 1.618958	 1.342773	 -4.857178	 1.632690	 -0.036316
1746545150	 58.200	 -0.997372	 -0.997086	 0.999756	 1.618958	 1.343079	 -4.852600	 1.632690	 -0.038757
1746545151	 58.846	 -0.997066	 -0.996723	 0.999756	 1.618652	 1.342773	 -4.851990	 1.632996	 0.010071
1746545152	 57.893	 -0.997372	 -0.997219	 0.999451	 1.618958	 1.342773	 -4.855652	 1.632996	 -0.040588
1746545153	 58.385	 -0.997295	 -0.996990	 0.999451	 1.618652	 1.342468	 -4.852600	 1.633606	 -0.020142
1746545154	 57.970	 -0.997314	 -0.996838	 0.999451	 1.618347	 1.341858	 -4.851379	 1.633606	 0.009155
1746545155	 58.369	 -0.997105	 -0.996704	 0.999756	 1.618958	 1.342468	 -4.850464	 1.632996	 -0.026550
1746545156	 58.569	 -0.997047	 -0.996838	 0.999756	 1.618652	 1.341858	 -4.851685	 1.633301	 -0.001526
1746545157	 58.416	 -0.997295	 -0.996990	 0.999756	 1.618958	 1.342163	 -4.851685	 1.633606	 -0.013733
1746545158	 58.754	 -0.997162	 -0.996819	 0.999451	 1.618652	 1.341858	 -4.849548	 1.633301	 0.025635
1746545159	 58.462	 -0.997162	 -0.996876	 0.999146	 1.618958	 1.341858	 -4.854431	 1.632996	 0.009766
1746545160	 58.969	 -0.997276	 -0.996990	 0.999451	 1.618958	 1.341858	 -4.856262	 1.633301	 -0.003662
1746545161	 57.923	 -0.997238	 -0.996895	 0.999146	 1.618652	 1.342163	 -4.854126	 1.632996	 -0.068970
1746545162	 58.569	 -0.997353	 -0.997047	 0.999451	 1.618958	 1.342163	 -4.852905	 1.633606	 0.038147
1746545163	 58.677	 -0.997238	 -0.996838	 0.999451	 1.617737	 1.341858	 -4.851379	 1.633606	 0.049133
1746545164	 58.416	 -0.997143	 -0.996780	 0.999451	 1.618652	 1.341858	 -4.850769	 1.633301	 0.070801
1746545165	 58.569	 -0.997257	 -0.996819	 0.999451	 1.618652	 1.341858	 -4.854431	 1.633606	 0.008545
1746545166	 58.200	 -0.997543	 -0.997066	 0.999451	 1.618652	 1.342163	 -4.853821	 1.632996	 -0.057983
1746545167	 58.569	 -0.997372	 -0.996933	 0.999756	 1.618652	 1.342468	 -4.851379	 1.632690	 0.015869
1746545168	 58.662	 -0.997181	 -0.996819	 0.999756	 1.618958	 1.342773	 -4.849548	 1.633301	 -0.014038
1746545169	 58.431	 -0.997028	 -0.996628	 0.999756	 1.618652	 1.342468	 -4.853821	 1.632996	 0.104980
1746545170	 58.815	 -0.997162	 -0.996914	 0.999451	 1.618958	 1.343689	 -4.856262	 1.633606	 0.007935
1746545171	 59.062	 -0.997200	 -0.996952	 0.999451	 1.618958	 1.343994	 -4.855652	 1.633606	 -0.118713
1746545172	 58.846	 -0.997353	 -0.997066	 0.999451	 1.618958	 1.343994	 -4.854736	 1.633606	 -0.027161
1746545173	 58.416	 -0.997314	 -0.997028	 0.999756	 1.618958	 1.344604	 -4.855652	 1.633301	 -0.036926
1746545174	 58.231	 -0.997429	 -0.997257	 0.999451	 1.618958	 1.344604	 -4.855042	 1.633301	 -0.107727
1746545175	 58.354	 -0.997372	 -0.997086	 0.999451	 1.618652	 1.344299	 -4.857483	 1.632996	 -0.038452
1746545176	 58.815	 -0.997276	 -0.996914	 0.999451	 1.618958	 1.344299	 -4.851990	 1.633606	 -0.051880
1746545177	 58.277	 -0.997391	 -0.997105	 0.999451	 1.618958	 1.343994	 -4.852600	 1.632996	 -0.037537
1746545178	 57.970	 -0.997257	 -0.996819	 0.999451	 1.618958	 1.343994	 -4.850464	 1.633606	 -0.003357
1746545179	 58.323	 -0.997105	 -0.996761	 0.998840	 1.618347	 1.343384	 -4.853210	 1.633606	 0.065002
1746545180	 58.600	 -0.997314	 -0.996952	 0.999756	 1.618958	 1.343079	 -4.855042	 1.632690	 -0.024109
1746545181	 59.154	 -0.997276	 -0.996971	 0.999756	 1.618652	 1.342468	 -4.853210	 1.632690	 -0.008240
1746545182	 57.724	 -0.997257	 -0.996876	 0.999451	 1.619263	 1.343079	 -4.851990	 1.633301	 -0.088806
1746545183	 58.231	 -0.997391	 -0.996933	 0.999756	 1.618347	 1.342468	 -4.849854	 1.632996	 -0.006104
1746545184	 58.062	 -0.997105	 -0.996761	 0.999451	 1.618652	 1.342468	 -4.854126	 1.633606	 0.051880
1746545185	 57.724	 -0.997429	 -0.997086	 0.999451	 1.618652	 1.342468	 -4.855652	 1.632690	 0.005188
1746545186	 58.262	 -0.997238	 -0.996933	 0.999756	 1.618958	 1.342468	 -4.852600	 1.633301	 -0.069885
1746545187	 58.231	 -0.997086	 -0.996666	 0.999451	 1.618958	 1.343079	 -4.850769	 1.632996	 -0.017700
1746545188	 57.985	 -0.997276	 -0.997009	 0.999451	 1.618958	 1.342773	 -4.852600	 1.632996	 -0.015564
1746545189	 58.200	 -0.997353	 -0.996838	 0.999756	 1.618652	 1.343079	 -4.850159	 1.632996	 -0.015564
1746545190	 58.754	 -0.996990	 -0.996723	 0.999756	 1.618347	 1.342468	 -4.850769	 1.632996	 0.017090
1746545191	 58.692	 -0.997219	 -0.996876	 0.999451	 1.618958	 1.343079	 -4.854736	 1.632996	 0.007019
1746545192	 59.031	 -0.997162	 -0.996895	 0.999451	 1.618958	 1.342773	 -4.851990	 1.632996	 0.021057
1746545193	 58.339	 -0.996971	 -0.996609	 0.999756	 1.618347	 1.342773	 -4.852600	 1.633301	 0.075684
1746545194	 58.170	 -0.997143	 -0.996761	 0.999146	 1.618042	 1.342468	 -4.853821	 1.633606	 0.043335
1746545195	 58.139	 -0.997219	 -0.997105	 0.999756	 1.618347	 1.342163	 -4.855347	 1.633301	 0.066833
1746545196	 58.539	 -0.997276	 -0.996895	 0.999146	 1.618652	 1.342773	 -4.855652	 1.632996	 0.035400
1746545197	 58.877	 -0.997314	 -0.997009	 0.999451	 1.618652	 1.342773	 -4.853210	 1.632996	 -0.086365
1746545198	 58.554	 -0.997353	 -0.996895	 0.999451	 1.618652	 1.342773	 -4.852600	 1.632996	 0.021057
1746545199	 58.139	 -0.997124	 -0.996971	 0.999146	 1.618958	 1.343079	 -4.851990	 1.632996	 -0.008850
1746545200	 58.692	 -0.997200	 -0.996914	 0.999451	 1.618958	 1.343689	 -4.854126	 1.633301	 -0.042725
1746545201	 58.508	 -0.997162	 -0.996895	 0.999756	 1.618652	 1.343384	 -4.855042	 1.633606	 0.041809
1746545202	 58.170	 -0.997276	 -0.997047	 0.999756	 1.619263	 1.344299	 -4.855652	 1.633606	 -0.043030
1746545203	 57.831	 -0.997524	 -0.997028	 0.999756	 1.618652	 1.343994	 -4.854126	 1.633606	 0.028381
1746545204	 58.000	 -0.997257	 -0.996971	 0.999756	 1.618652	 1.344604	 -4.853821	 1.633301	 -0.003357
1746545205	 58.846	 -0.997505	 -0.997047	 0.999451	 1.618652	 1.345215	 -4.852600	 1.632996	 -0.000916
1746545206	 58.662	 -0.997429	 -0.997086	 0.999756	 1.618958	 1.345825	 -4.852905	 1.633301	 -0.041504
1746545207	 58.416	 -0.997105	 -0.996761	 0.999756	 1.618652	 1.345825	 -4.853210	 1.633606	 -0.049133
1746545208	 58.785	 -0.997086	 -0.996799	 1.000061	 1.618652	 1.345520	 -4.853516	 1.632996	 0.032043
1746545209	 58.600	 -0.997410	 -0.996990	 0.999451	 1.618958	 1.346130	 -4.855042	 1.633301	 -0.042114
1746545210	 57.708	 -0.997295	 -0.997066	 0.999451	 1.619263	 1.346130	 -4.852600	 1.632385	 -0.064392
1746545211	 58.385	 -0.997314	 -0.996876	 0.999451	 1.618958	 1.346130	 -4.856262	 1.633606	 -0.109558
1746545212	 58.277	 -0.997314	 -0.997066	 0.999451	 1.618958	 1.345520	 -4.852295	 1.633606	 -0.032043
1746545213	 58.785	 -0.997200	 -0.996952	 0.999451	 1.618652	 1.345215	 -4.854126	 1.633301	 0.027161
1746545214	 58.385	 -0.997562	 -0.996990	 0.999756	 1.618958	 1.345215	 -4.855347	 1.632996	 -0.075378
1746545215	 58.385	 -0.997314	 -0.996933	 0.999451	 1.618652	 1.344910	 -4.852905	 1.633301	 0.013733
1746545216	 58.539	 -0.997257	 -0.996914	 0.999756	 1.618347	 1.344604	 -4.851990	 1.632996	 -0.041809
1746545217	 57.877	 -0.997372	 -0.997009	 0.999451	 1.618347	 1.344299	 -4.851379	 1.632996	 0.032349
1746545218	 57.954	 -0.997257	 -0.996799	 0.999451	 1.618042	 1.343689	 -4.851990	 1.632996	 0.100403
1746545219	 58.354	 -0.997276	 -0.996819	 0.999451	 1.618958	 1.343994	 -4.851379	 1.632996	 0.016479
1746545220	 59.154	 -0.997124	 -0.996857	 0.999756	 1.618652	 1.343689	 -4.851990	 1.632690	 0.068359
1746545221	 58.400	 -0.997334	 -0.997086	 0.999756	 1.619263	 1.344299	 -4.854431	 1.632996	 -0.098572
1746545222	 59.031	 -0.997429	 -0.996990	 0.999451	 1.618652	 1.344299	 -4.850159	 1.632996	 0.009766
1746545223	 58.231	 -0.997009	 -0.996704	 0.999451	 1.618652	 1.343994	 -4.853210	 1.632996	 0.071411
1746545224	 58.600	 -0.997410	 -0.997066	 0.999756	 1.618958	 1.344299	 -4.858093	 1.633301	 -0.072327
1746545225	 58.754	 -0.997200	 -0.996895	 0.999451	 1.618652	 1.344299	 -4.855042	 1.632996	 -0.029602
1746545226	 58.508	 -0.997238	 -0.996952	 0.999451	 1.619568	 1.344910	 -4.853821	 1.632690	 -0.036926
1746545227	 58.631	 -0.997314	 -0.996952	 0.999756	 1.618652	 1.344299	 -4.851379	 1.633301	 0.013733
1746545228	 58.769	 -0.997238	 -0.996799	 0.999451	 1.618958	 1.344604	 -4.852600	 1.632385	 -0.003357
1746545229	 59.062	 -0.997162	 -0.996933	 0.999451	 1.618958	 1.344299	 -4.851685	 1.632996	 0.007629
1746545230	 58.108	 -0.997295	 -0.996895	 0.999451	 1.618958	 1.344604	 -4.851685	 1.633301	 -0.013428
1746545231	 58.508	 -0.997124	 -0.996723	 0.999451	 1.618042	 1.344604	 -4.852600	 1.632996	 -0.027771
1746545232	 58.293	 -0.997200	 -0.996799	 0.999756	 1.618347	 1.343689	 -4.853210	 1.633606	 0.091553
1746545233	 58.708	 -0.997353	 -0.996952	 0.999756	 1.618652	 1.344299	 -4.856873	 1.633301	 0.010376
1746545234	 58.446	 -0.997410	 -0.997066	 0.999756	 1.618958	 1.345215	 -4.856567	 1.632385	 -0.073242
1746545235	 58.877	 -0.997581	 -0.997162	 0.999451	 1.618652	 1.344604	 -4.854431	 1.632385	 -0.029602
1746545236	 58.216	 -0.997295	 -0.996914	 0.999451	 1.618347	 1.344604	 -4.855042	 1.632996	 -0.030823
1746545237	 58.846	 -0.997200	 -0.996799	 0.999146	 1.618652	 1.344604	 -4.853210	 1.633606	 0.044861
1746545238	 58.277	 -0.997124	 -0.996876	 0.999451	 1.618652	 1.344910	 -4.851379	 1.632996	 -0.015564
1746545239	 58.846	 -0.997200	 -0.996780	 0.999756	 1.617737	 1.344910	 -4.853210	 1.632996	 0.036011
1746545240	 58.077	 -0.997181	 -0.996819	 0.999451	 1.618347	 1.344604	 -4.855042	 1.633301	 0.048828
1746545241	 57.277	 -0.997353	 -0.996895	 0.999756	 1.618652	 1.344299	 -4.855042	 1.633301	 0.024719
1746545242	 58.139	 -0.997257	 -0.996819	 0.999451	 1.618652	 1.344604	 -4.854431	 1.633606	 0.028687
1746545243	 58.216	 -0.997448	 -0.997105	 0.999451	 1.618958	 1.345825	 -4.857178	 1.633606	 -0.071411
1746545244	 57.862	 -0.997353	 -0.997105	 0.999451	 1.618652	 1.345520	 -4.855042	 1.633606	 -0.059204
1746545245	 58.016	 -0.997353	 -0.996952	 0.999451	 1.619263	 1.345825	 -4.856567	 1.633606	 -0.076294
1746545246	 57.970	 -0.997372	 -0.997047	 0.999451	 1.618652	 1.345825	 -4.854431	 1.632996	 0.024414
1746545247	 58.554	 -0.997391	 -0.997009	 0.999451	 1.618958	 1.346130	 -4.855042	 1.632996	 -0.028381
1746545248	 58.323	 -0.997372	 -0.996971	 0.999756	 1.618652	 1.346130	 -4.852600	 1.632996	 -0.068970
1746545249	 58.062	 -0.997219	 -0.996857	 0.999451	 1.618958	 1.346436	 -4.850159	 1.632996	 -0.008545
1746545250	 58.031	 -0.997162	 -0.996895	 0.999756	 1.618347	 1.346130	 -4.853210	 1.633606	 0.050354
1746545251	 57.985	 -0.997066	 -0.996761	 0.999451	 1.618652	 1.346741	 -4.853516	 1.632996	 -0.024109
1746545252	 58.446	 -0.997505	 -0.997086	 0.999451	 1.618652	 1.347046	 -4.852600	 1.633301	 -0.027161
1746545253	 58.692	 -0.997181	 -0.996838	 0.999451	 1.618652	 1.346741	 -4.852600	 1.633301	 0.047302
1746545254	 58.154	 -0.997047	 -0.996761	 0.999451	 1.618652	 1.347351	 -4.851990	 1.633606	 0.028992
1746545255	 58.016	 -0.997143	 -0.996819	 0.999451	 1.618958	 1.347961	 -4.851990	 1.633301	 0.010986
1746545256	 58.354	 -0.997334	 -0.996971	 0.999451	 1.618652	 1.347656	 -4.852600	 1.633606	 0.000000
1746545257	 58.416	 -0.997028	 -0.996799	 0.999451	 1.619263	 1.347961	 -4.852905	 1.633301	 -0.035095
1746545258	 58.662	 -0.997124	 -0.996761	 0.999756	 1.618347	 1.347351	 -4.852295	 1.633606	 0.050659
1746545259	 58.569	 -0.997219	 -0.996819	 0.999756	 1.618652	 1.347961	 -4.856262	 1.632996	 0.019836
1746545260	 58.539	 -0.997391	 -0.997086	 0.999451	 1.618958	 1.348267	 -4.855347	 1.633301	 -0.061951
1746545261	 58.631	 -0.997372	 -0.996990	 0.999451	 1.618958	 1.347961	 -4.851990	 1.633606	 -0.044556
1746545262	 58.754	 -0.997162	 -0.996799	 0.999451	 1.618958	 1.348267	 -4.853210	 1.632996	 0.005493
1746545263	 58.769	 -0.997353	 -0.996933	 0.999451	 1.618652	 1.347961	 -4.852295	 1.633606	 0.014343
1746545264	 59.154	 -0.997181	 -0.996857	 0.999451	 1.618347	 1.347961	 -4.851685	 1.633606	 0.035706
1746545265	 58.754	 -0.997257	 -0.996933	 0.999451	 1.618958	 1.347961	 -4.855042	 1.633606	 0.003967
1746545266	 58.369	 -0.997353	 -0.997047	 0.999451	 1.618652	 1.348267	 -4.856262	 1.633301	 -0.065613
1746545267	 57.862	 -0.997257	 -0.997066	 0.999451	 1.618652	 1.348267	 -4.856873	 1.633606	 -0.051880
1746545268	 58.123	 -0.997238	 -0.996914	 0.999756	 1.618958	 1.347961	 -4.854431	 1.632996	 -0.066833
1746545269	 58.969	 -0.997467	 -0.997086	 0.999451	 1.618958	 1.348267	 -4.853821	 1.633606	 -0.084534
1746545270	 58.539	 -0.997505	 -0.997086	 1.000061	 1.618958	 1.347961	 -4.853821	 1.633606	 -0.020447
1746545271	 59.031	 -0.997334	 -0.996990	 0.999451	 1.618958	 1.348267	 -4.852905	 1.632996	 -0.065918
1746545272	 58.416	 -0.997429	 -0.997162	 0.999451	 1.618958	 1.347961	 -4.851990	 1.632996	 -0.053406
1746545273	 58.662	 -0.997086	 -0.996819	 0.999451	 1.618958	 1.347351	 -4.851379	 1.632996	 0.074768
1746545274	 58.139	 -0.997066	 -0.996780	 0.999451	 1.618347	 1.347351	 -4.851990	 1.633606	 0.049133
1746545275	 58.385	 -0.997086	 -0.996761	 0.998840	 1.618347	 1.347046	 -4.852600	 1.633606	 0.020752
1746545276	 58.631	 -0.997295	 -0.996933	 0.999451	 1.618347	 1.346741	 -4.853821	 1.633606	 0.042725
1746545277	 59.062	 -0.997353	 -0.997047	 0.999756	 1.618958	 1.346741	 -4.855042	 1.632996	 -0.026245
1746545278	 58.923	 -0.997486	 -0.997143	 0.999756	 1.619263	 1.346741	 -4.856873	 1.632996	 -0.101318
1746545279	 58.323	 -0.997200	 -0.996838	 0.999756	 1.618652	 1.347046	 -4.851990	 1.633606	 0.000305
1746545280	 58.785	 -0.997181	 -0.996895	 0.999451	 1.618958	 1.347046	 -4.853210	 1.633301	 -0.043945
1746545281	 58.754	 -0.997429	 -0.996990	 0.999146	 1.618347	 1.346741	 -4.851379	 1.633606	 -0.019226
1746545282	 58.662	 -0.997105	 -0.996704	 0.999451	 1.618347	 1.346130	 -4.851685	 1.633301	 0.050659
1746545283	 58.815	 -0.997047	 -0.996780	 0.999756	 1.618652	 1.346741	 -4.854736	 1.632690	 0.063782
1746545284	 58.739	 -0.997105	 -0.996761	 0.999451	 1.618652	 1.346741	 -4.855652	 1.632996	 0.041504
1746545285	 58.877	 -0.997334	 -0.996971	 0.999756	 1.618958	 1.347351	 -4.855347	 1.633606	 -0.116272
1746545286	 58.708	 -0.997334	 -0.996933	 0.999451	 1.618652	 1.347046	 -4.852600	 1.633606	 -0.050964
1746545287	 58.662	 -0.997219	 -0.996895	 0.999756	 1.618958	 1.347046	 -4.850159	 1.632690	 -0.025330
1746545288	 58.108	 -0.997200	 -0.996914	 0.999451	 1.618347	 1.346741	 -4.854126	 1.633606	 0.035095
1746545289	 58.877	 -0.997162	 -0.996914	 0.999756	 1.618652	 1.347046	 -4.850464	 1.633606	 0.009460
1746545290	 58.323	 -0.997181	 -0.996799	 0.999756	 1.618652	 1.347046	 -4.854431	 1.632996	 0.054626
1746545291	 58.077	 -0.997467	 -0.997143	 0.999756	 1.618958	 1.347656	 -4.856262	 1.632996	 -0.088501
1746545292	 57.462	 -0.997391	 -0.997143	 0.999756	 1.618652	 1.347656	 -4.853210	 1.632996	 0.026550
1746545293	 58.662	 -0.997372	 -0.997086	 0.999451	 1.619263	 1.347961	 -4.850769	 1.632996	 -0.130310
1746545294	 58.508	 -0.997028	 -0.996780	 0.999756	 1.618042	 1.347351	 -4.850159	 1.633606	 0.040283
1746545295	 58.231	 -0.997334	 -0.996952	 0.999451	 1.618652	 1.347351	 -4.856262	 1.632996	 0.034180
1746545296	 58.323	 -0.997410	 -0.997066	 0.999451	 1.618958	 1.347961	 -4.857483	 1.633606	 -0.065613
1746545297	 58.569	 -0.997391	 -0.997028	 0.999451	 1.618347	 1.347656	 -4.853210	 1.632996	 0.019531
1746545298	 59.000	 -0.997257	 -0.997047	 0.999451	 1.619263	 1.347656	 -4.852600	 1.632996	 -0.045776
1746545299	 59.000	 -0.997162	 -0.996876	 0.999451	 1.618958	 1.347656	 -4.851990	 1.632690	 0.029907
1746545300	 58.354	 -0.997372	 -0.997009	 0.999451	 1.618652	 1.347351	 -4.856262	 1.633606	 0.059204
1746545301	 58.416	 -0.997238	 -0.996933	 0.999451	 1.618347	 1.347656	 -4.856262	 1.632996	 0.017090
1746545302	 58.277	 -0.997276	 -0.996876	 1.000061	 1.618652	 1.347961	 -4.853516	 1.633301	 -0.027161
1746545303	 58.385	 -0.997295	 -0.996895	 0.999756	 1.618958	 1.347961	 -4.850769	 1.633606	 -0.020447
1746545304	 58.323	 -0.997162	 -0.996742	 0.999146	 1.618652	 1.347656	 -4.854431	 1.632996	 0.059204
1746545305	 58.108	 -0.997429	 -0.997047	 0.999451	 1.618958	 1.348572	 -4.855652	 1.633301	 -0.097656
1746545306	 57.923	 -0.997200	 -0.996838	 0.999451	 1.618958	 1.347961	 -4.851990	 1.633606	 -0.066223
1746545307	 58.462	 -0.997353	 -0.997105	 0.999451	 1.618958	 1.347961	 -4.852600	 1.633606	 -0.056152
1746545308	 58.231	 -0.997238	 -0.996990	 0.999451	 1.618958	 1.348267	 -4.851685	 1.633606	 -0.055847
1746545309	 58.569	 -0.997124	 -0.996761	 0.999146	 1.618347	 1.347961	 -4.852600	 1.632690	 0.059814
1746545310	 58.923	 -0.997200	 -0.996895	 0.999451	 1.618347	 1.347961	 -4.855042	 1.633606	 0.085754
1746545311	 57.908	 -0.997372	 -0.997162	 0.999451	 1.619263	 1.348267	 -4.856567	 1.633606	 -0.035706
1746545312	 58.569	 -0.997086	 -0.996761	 0.999451	 1.618652	 1.347961	 -4.853821	 1.633301	 -0.010071
1746545313	 58.154	 -0.997486	 -0.996990	 0.999451	 1.619568	 1.348572	 -4.853210	 1.632385	 -0.084229
1746545314	 57.923	 -0.997353	 -0.997066	 0.999756	 1.618958	 1.348267	 -4.851379	 1.633606	 -0.009460
1746545315	 58.739	 -0.997066	 -0.996780	 0.999451	 1.618347	 1.348267	 -4.852600	 1.633606	 0.043030
1746545316	 58.108	 -0.997219	 -0.996895	 0.999451	 1.617737	 1.347961	 -4.851990	 1.633301	 0.107117
1746545317	 59.215	 -0.997372	 -0.997143	 1.000061	 1.618958	 1.348267	 -4.855652	 1.633301	 -0.050049
1746545318	 57.800	 -0.997295	 -0.997066	 0.999451	 1.618652	 1.348572	 -4.851685	 1.633606	 -0.007019
1746545319	 58.323	 -0.997429	 -0.996895	 0.999146	 1.618652	 1.348572	 -4.853210	 1.633606	 -0.049744
1746545320	 58.877	 -0.997295	 -0.996933	 0.999451	 1.618958	 1.348572	 -4.851379	 1.632690	 -0.021973
1746545321	 59.123	 -0.997124	 -0.996857	 0.999756	 1.618958	 1.348572	 -4.853821	 1.633301	 0.058289
1746545322	 59.400	 -0.997257	 -0.996952	 0.999451	 1.619263	 1.348877	 -4.854431	 1.632996	 -0.071106
1746545323	 58.046	 -0.997543	 -0.997124	 0.999451	 1.618347	 1.348267	 -4.851990	 1.632690	 -0.014343
1746545324	 57.708	 -0.997105	 -0.996685	 0.999451	 1.618347	 1.348572	 -4.852295	 1.633301	 0.069885
1746545325	 58.646	 -0.997314	 -0.996895	 0.999756	 1.618652	 1.348572	 -4.857483	 1.633301	 -0.032654
1746545326	 58.785	 -0.997524	 -0.997200	 0.999451	 1.618652	 1.349182	 -4.851990	 1.633301	 -0.012207
1746545327	 58.170	 -0.997086	 -0.996761	 0.999451	 1.618652	 1.348877	 -4.852600	 1.633606	 0.017395
1746545328	 58.200	 -0.997314	 -0.997009	 0.999451	 1.618347	 1.348572	 -4.855652	 1.632996	 0.031738
1746545329	 58.662	 -0.997238	 -0.996933	 0.999451	 1.619263	 1.349182	 -4.855042	 1.632996	 -0.022278
1746545330	 57.970	 -0.997295	 -0.996990	 0.999451	 1.619568	 1.349182	 -4.859009	 1.633301	 -0.052795
1746545331	 58.723	 -0.997353	 -0.996914	 0.999451	 1.618958	 1.349182	 -4.853516	 1.632996	 -0.042419
1746545332	 58.815	 -0.997314	 -0.997028	 0.999451	 1.619263	 1.349792	 -4.854431	 1.633301	 -0.083313
1746545333	 58.446	 -0.997429	 -0.997086	 0.999451	 1.618958	 1.349487	 -4.852295	 1.633301	 -0.036926
1746545334	 58.631	 -0.997009	 -0.996723	 0.999756	 1.618347	 1.348877	 -4.852905	 1.633606	 0.091248
1746545335	 58.646	 -0.997181	 -0.996628	 0.999451	 1.618958	 1.349487	 -4.852600	 1.633606	 -0.037842
1746545336	 59.015	 -0.997124	 -0.996876	 0.999451	 1.618652	 1.349182	 -4.853210	 1.632996	 0.070190
1746545337	 58.077	 -0.997105	 -0.996819	 0.999451	 1.618652	 1.349182	 -4.853516	 1.633606	 0.025940
1746545338	 58.708	 -0.997276	 -0.996971	 0.999451	 1.618652	 1.348877	 -4.853821	 1.632996	 -0.005493
1746545339	 57.954	 -0.997124	 -0.996761	 0.999146	 1.618347	 1.348877	 -4.855652	 1.633606	 0.056763
1746545340	 58.262	 -0.997334	 -0.996990	 0.999451	 1.618652	 1.348877	 -4.855347	 1.632996	 0.039978
1746545341	 59.169	 -0.997353	 -0.996895	 0.999451	 1.618958	 1.349792	 -4.857178	 1.632996	 -0.073853
1746545342	 58.354	 -0.997238	 -0.996857	 0.999451	 1.618652	 1.349182	 -4.854126	 1.633301	 0.019226
1746545343	 58.262	 -0.997200	 -0.996876	 0.999451	 1.618652	 1.349487	 -4.855652	 1.632996	 -0.003357
1746545344	 58.231	 -0.997238	 -0.996857	 0.999756	 1.618347	 1.349182	 -4.855042	 1.632996	 -0.010376
1746545345	 58.446	 -0.997276	 -0.996914	 0.999451	 1.618652	 1.349487	 -4.854126	 1.633301	 0.030518
1746545346	 58.277	 -0.996933	 -0.996685	 0.999451	 1.618347	 1.349182	 -4.852600	 1.633606	 0.109863
1746545347	 58.154	 -0.997353	 -0.996952	 0.999756	 1.618347	 1.349182	 -4.856262	 1.633301	 0.059814
1746545348	 58.293	 -0.997429	 -0.997066	 0.999451	 1.618958	 1.349487	 -4.854431	 1.633606	 -0.014038
1746545349	 58.862	 -0.997372	 -0.996895	 0.999451	 1.618347	 1.349487	 -4.855347	 1.632996	 -0.023804
1746545350	 58.708	 -0.997200	 -0.996819	 0.999451	 1.618347	 1.349792	 -4.854431	 1.633606	 0.035706
1746545351	 58.108	 -0.997295	 -0.996952	 0.999756	 1.618347	 1.349792	 -4.853821	 1.632996	 0.014038
1746545352	 58.708	 -0.997162	 -0.996895	 0.999451	 1.618652	 1.349792	 -4.850769	 1.633606	 -0.010071
1746545353	 58.262	 -0.996952	 -0.996666	 0.999451	 1.618652	 1.349487	 -4.851990	 1.632996	 0.093384
1746545354	 58.385	 -0.997200	 -0.996780	 0.999451	 1.618652	 1.349792	 -4.851990	 1.633606	 0.054932
1746545355	 58.385	 -0.997334	 -0.996933	 0.999451	 1.618347	 1.349792	 -4.851379	 1.632996	 0.046692
1746545356	 58.569	 -0.996971	 -0.996628	 0.999146	 1.618652	 1.350098	 -4.852600	 1.633606	 0.073547
1746545357	 58.785	 -0.997372	 -0.996990	 0.999451	 1.618347	 1.349792	 -4.855042	 1.632996	 0.068970
1746545358	 57.893	 -0.997334	 -0.996971	 0.999451	 1.618652	 1.350098	 -4.856262	 1.633606	 0.003357
1746545359	 58.262	 -0.997448	 -0.997028	 0.999451	 1.618958	 1.350708	 -4.854736	 1.633606	 -0.075378
1746545360	 58.277	 -0.997334	 -0.997047	 0.999146	 1.618652	 1.350403	 -4.856262	 1.632996	 -0.014038
1746545361	 58.277	 -0.997486	 -0.996952	 0.999451	 1.618958	 1.350708	 -4.853210	 1.633301	 -0.055542
1746545362	 58.815	 -0.997467	 -0.997009	 0.999451	 1.618652	 1.350403	 -4.852600	 1.632996	 -0.082092
1746545363	 59.554	 -0.997314	 -0.996914	 0.999451	 1.618652	 1.350403	 -4.851990	 1.633606	 -0.025024
1746545364	 58.385	 -0.997295	 -0.997047	 0.999756	 1.618958	 1.350708	 -4.851990	 1.633606	 -0.077209
1746545365	 58.477	 -0.997219	 -0.996895	 0.999451	 1.618652	 1.350403	 -4.850769	 1.632996	 0.028687
1746545366	 58.692	 -0.997143	 -0.996857	 0.999451	 1.618652	 1.350403	 -4.852600	 1.633606	 0.051270
1746545367	 58.462	 -0.997353	 -0.997009	 0.999451	 1.618958	 1.350708	 -4.855652	 1.633606	 -0.017090
1746545368	 58.677	 -0.997086	 -0.996723	 0.999451	 1.618958	 1.351013	 -4.853210	 1.632996	 0.020142
1746545369	 58.108	 -0.997238	 -0.997124	 0.999451	 1.618958	 1.350708	 -4.857178	 1.633301	 -0.012207
1746545370	 58.631	 -0.997353	 -0.996990	 0.999451	 1.618347	 1.350708	 -4.856262	 1.633606	 0.097046
1746545371	 59.015	 -0.997448	 -0.997086	 0.999756	 1.618958	 1.351318	 -4.858093	 1.633911	 -0.109558
1746545372	 58.216	 -0.997353	 -0.997009	 0.999451	 1.618958	 1.350708	 -4.857483	 1.633606	 0.001221
1746545373	 58.831	 -0.997086	 -0.996819	 0.999756	 1.619263	 1.351318	 -4.855652	 1.632996	 0.008240
1746545374	 58.154	 -0.997162	 -0.996685	 0.999451	 1.617737	 1.350403	 -4.854736	 1.633606	 0.065613
1746545375	 58.631	 -0.997028	 -0.996685	 0.999451	 1.618652	 1.350708	 -4.853210	 1.632996	 0.100708
1746545376	 58.939	 -0.997009	 -0.996704	 0.999451	 1.618652	 1.351013	 -4.850159	 1.633606	 -0.043335
1746545377	 58.754	 -0.997200	 -0.996876	 0.998840	 1.618958	 1.351624	 -4.851379	 1.633301	 -0.030518
1746545378	 57.893	 -0.997200	 -0.996857	 0.999451	 1.618652	 1.350708	 -4.852295	 1.633606	 0.024109
1746545379	 58.477	 -0.997372	 -0.996933	 0.999451	 1.618958	 1.351013	 -4.850769	 1.633606	 -0.051270
1746545380	 58.323	 -0.997353	 -0.996914	 0.999451	 1.618652	 1.351318	 -4.850769	 1.633301	 0.004272
1746545381	 58.585	 -0.997124	 -0.996723	 0.999451	 1.618958	 1.351624	 -4.850769	 1.633606	 0.019226
1746545382	 58.831	 -0.997391	 -0.997028	 0.999146	 1.618958	 1.351624	 -4.851990	 1.632996	 -0.060425
1746545383	 58.262	 -0.997295	 -0.997009	 0.999756	 1.618347	 1.351318	 -4.853821	 1.633301	 0.003662
1746545384	 58.185	 -0.997200	 -0.996857	 0.999451	 1.618958	 1.351318	 -4.855652	 1.633301	 0.007935
1746545385	 58.569	 -0.997334	 -0.997028	 0.999756	 1.618652	 1.351318	 -4.853516	 1.633606	 -0.050964
1746545386	 58.769	 -0.997219	 -0.997086	 0.999756	 1.618958	 1.351929	 -4.851990	 1.632996	 -0.073547
1746545387	 58.339	 -0.997372	 -0.996990	 0.999756	 1.618958	 1.351929	 -4.853821	 1.632996	 -0.057678
1746545388	 57.831	 -0.997372	 -0.997047	 0.999451	 1.618347	 1.351929	 -4.851685	 1.633606	 0.018005
1746545389	 57.985	 -0.997257	 -0.997143	 0.999451	 1.618958	 1.351929	 -4.852600	 1.633606	 -0.055542
1746545390	 58.477	 -0.997372	 -0.996876	 0.999451	 1.618652	 1.351624	 -4.851379	 1.632996	 0.026245
1746545391	 58.077	 -0.996990	 -0.996799	 0.999756	 1.618958	 1.351929	 -4.850769	 1.632996	 -0.067749
1746545392	 58.062	 -0.996914	 -0.996532	 0.999756	 1.618652	 1.352234	 -4.850769	 1.633301	 0.040283
1746545393	 58.031	 -0.997009	 -0.996685	 0.999756	 1.618347	 1.351624	 -4.852905	 1.633606	 0.056763
1746545394	 58.600	 -0.997353	 -0.996933	 0.999451	 1.618652	 1.352539	 -4.851379	 1.633301	 -0.026245
1746545395	 58.569	 -0.997295	 -0.997009	 0.999451	 1.618652	 1.352234	 -4.850159	 1.633301	 -0.033875
1746545396	 58.416	 -0.997162	 -0.996895	 0.999756	 1.618347	 1.351929	 -4.851990	 1.632996	 0.013123
1746545397	 58.569	 -0.997391	 -0.996914	 0.999451	 1.618958	 1.352844	 -4.853821	 1.632385	 -0.046387
1746545398	 57.524	 -0.997295	 -0.996819	 0.999451	 1.618652	 1.352844	 -4.855042	 1.633606	 -0.038452
1746545399	 58.446	 -0.997314	 -0.996971	 0.999451	 1.618958	 1.353149	 -4.855652	 1.633606	 -0.004272
1746545400	 58.600	 -0.997257	 -0.996914	 0.999756	 1.618958	 1.353455	 -4.855652	 1.632690	 -0.086975
1746545401	 58.077	 -0.997257	 -0.996914	 0.999451	 1.618347	 1.353149	 -4.851990	 1.632996	 0.028687
1746545402	 58.477	 -0.997505	 -0.997066	 0.999451	 1.618347	 1.353760	 -4.850769	 1.632996	 -0.004578
1746545403	 59.323	 -0.997372	 -0.997105	 0.999451	 1.618652	 1.353760	 -4.851379	 1.632996	 -0.022278
1746545404	 58.431	 -0.997238	 -0.996990	 0.999756	 1.618958	 1.354065	 -4.850769	 1.633606	 -0.018921
1746545405	 58.139	 -0.997238	 -0.996876	 0.999451	 1.618958	 1.354065	 -4.851379	 1.633606	 0.016174
1746545406	 58.723	 -0.997334	 -0.997105	 0.999451	 1.618958	 1.354675	 -4.854126	 1.632996	 -0.089417
1746545407	 58.339	 -0.997372	 -0.997028	 0.999451	 1.618652	 1.354675	 -4.852600	 1.632996	 -0.028076
1746545408	 58.462	 -0.997314	 -0.997009	 0.999451	 1.618958	 1.354675	 -4.853821	 1.632996	 0.025940
1746545409	 58.646	 -0.997181	 -0.996952	 0.999451	 1.618958	 1.354980	 -4.852905	 1.633301	 0.007019
1746545410	 57.708	 -0.997410	 -0.997143	 0.999451	 1.619263	 1.355286	 -4.853821	 1.633301	 -0.053101
1746545411	 58.831	 -0.997238	 -0.996933	 0.999451	 1.619263	 1.354980	 -4.855957	 1.633301	 -0.002441
1746545412	 58.523	 -0.997238	 -0.996933	 0.999756	 1.618347	 1.354980	 -4.856262	 1.633301	 0.001831
1746545413	 58.954	 -0.997257	 -0.996895	 0.999451	 1.618347	 1.354980	 -4.853821	 1.633606	 0.033264
1746545414	 57.954	 -0.997066	 -0.996704	 0.999451	 1.618347	 1.354980	 -4.851990	 1.633301	 0.087585
1746545415	 58.831	 -0.997238	 -0.996799	 0.999451	 1.619263	 1.355591	 -4.852600	 1.632996	 -0.036011
1746545416	 57.770	 -0.997448	 -0.997162	 0.999451	 1.619568	 1.355286	 -4.852905	 1.632996	 -0.081482
1746545417	 58.600	 -0.997391	 -0.996895	 1.000061	 1.618958	 1.355286	 -4.857483	 1.633301	 -0.089722
1746545418	 58.692	 -0.997238	 -0.996990	 0.999756	 1.618958	 1.354980	 -4.857178	 1.633606	 -0.043640
1746545419	 58.892	 -0.997334	 -0.997047	 0.999451	 1.618958	 1.355286	 -4.856873	 1.632996	 -0.065002
1746545420	 58.062	 -0.997391	 -0.997086	 0.999756	 1.618652	 1.354980	 -4.857178	 1.632690	 0.017700
1746545421	 58.046	 -0.997143	 -0.996780	 0.999451	 1.618958	 1.355286	 -4.855652	 1.633606	 -0.058899
1746545422	 58.170	 -0.997066	 -0.996723	 0.999451	 1.618652	 1.354370	 -4.854431	 1.633606	 0.061646
1746545423	 58.785	 -0.997181	 -0.996799	 0.999451	 1.618347	 1.354675	 -4.849854	 1.633606	 0.028076
1746545424	 58.277	 -0.997238	 -0.996971	 0.999451	 1.619568	 1.355591	 -4.851685	 1.633606	 -0.026550
1746545425	 58.400	 -0.997353	 -0.997028	 0.999451	 1.619568	 1.355286	 -4.854431	 1.633606	 -0.056763
1746545426	 58.569	 -0.997429	 -0.997047	 0.999451	 1.618958	 1.355286	 -4.857483	 1.633606	 -0.054932
1746545427	 59.077	 -0.997047	 -0.996799	 0.999756	 1.618652	 1.354980	 -4.853210	 1.633606	 -0.036011
1746545428	 58.185	 -0.997200	 -0.996799	 1.000061	 1.619568	 1.354370	 -4.850159	 1.632385	 0.054321
1746545429	 58.600	 -0.997200	 -0.996819	 0.999756	 1.618652	 1.354980	 -4.851685	 1.633301	 0.014954
1746545430	 58.862	 -0.997429	 -0.996971	 0.999451	 1.618958	 1.354980	 -4.855042	 1.632996	 -0.005493
1746545431	 57.908	 -0.997353	 -0.996990	 0.999146	 1.618652	 1.354675	 -4.854126	 1.632996	 -0.032959
1746545432	 58.216	 -0.997467	 -0.997143	 0.999756	 1.619568	 1.354675	 -4.856873	 1.632996	 -0.095825
1746545433	 58.815	 -0.997295	 -0.996895	 0.999451	 1.618958	 1.354065	 -4.855042	 1.632996	 -0.024109
1746545434	 58.231	 -0.997295	 -0.996952	 0.999756	 1.618652	 1.354370	 -4.851379	 1.633301	 0.007629
1746545435	 57.923	 -0.997257	 -0.996933	 0.999451	 1.618958	 1.354370	 -4.852295	 1.633606	 -0.070190
1746545436	 58.185	 -0.997448	 -0.997086	 0.999451	 1.618958	 1.354370	 -4.852295	 1.632690	 -0.016785
1746545437	 58.046	 -0.997295	 -0.996952	 0.999146	 1.618652	 1.354370	 -4.854431	 1.633606	 0.016479
1746545438	 57.847	 -0.997200	 -0.996780	 0.999756	 1.618958	 1.354675	 -4.855652	 1.632385	 -0.030823
1746545439	 58.815	 -0.997334	 -0.996933	 0.999756	 1.618652	 1.354065	 -4.855042	 1.633301	 0.000000
1746545440	 58.477	 -0.997372	 -0.997028	 0.999451	 1.618958	 1.354675	 -4.851379	 1.633911	 -0.098877
1746545441	 58.170	 -0.997314	 -0.996857	 0.999451	 1.618347	 1.354065	 -4.854431	 1.633301	 0.009460
1746545442	 58.385	 -0.997276	 -0.996857	 0.999451	 1.619568	 1.354370	 -4.853210	 1.632996	 -0.044861
1746545443	 58.216	 -0.997124	 -0.996704	 0.999451	 1.618958	 1.354370	 -4.851990	 1.632690	 -0.042725
1746545444	 58.246	 -0.997257	 -0.996838	 0.999756	 1.618652	 1.354065	 -4.850769	 1.633606	 0.035400
1746545445	 58.323	 -0.997295	 -0.996857	 0.999451	 1.618958	 1.354675	 -4.850464	 1.633606	 -0.049133
1746545446	 58.400	 -0.997181	 -0.996933	 0.999756	 1.618958	 1.353760	 -4.851990	 1.633301	 0.002441
1746545447	 57.708	 -0.997295	 -0.996819	 0.999451	 1.619263	 1.354980	 -4.853210	 1.633301	 -0.150757
1746545448	 57.585	 -0.997391	 -0.997143	 0.999451	 1.618652	 1.354370	 -4.855347	 1.633606	 -0.007935
1746545449	 58.785	 -0.997162	 -0.996819	 0.999756	 1.618652	 1.354065	 -4.853516	 1.633301	 0.041809
1746545450	 58.692	 -0.997276	 -0.997009	 0.999451	 1.618652	 1.354370	 -4.851685	 1.633606	 -0.049744
1746545451	 58.862	 -0.997429	 -0.997028	 0.999756	 1.618958	 1.354675	 -4.855042	 1.633606	 -0.027466
1746545452	 58.877	 -0.997200	 -0.996838	 0.999451	 1.618958	 1.354370	 -4.853210	 1.633301	 -0.004578
1746545453	 58.754	 -0.997219	 -0.996857	 0.999756	 1.618958	 1.354675	 -4.853210	 1.632996	 0.033264
1746545454	 57.893	 -0.997429	 -0.997047	 0.999451	 1.619263	 1.354980	 -4.853210	 1.633606	 -0.046387
1746545455	 58.662	 -0.997581	 -0.997238	 0.999451	 1.618958	 1.354980	 -4.855042	 1.633301	 0.018616
1746545456	 58.508	 -0.997105	 -0.996838	 0.999451	 1.618958	 1.354675	 -4.853821	 1.633606	 0.002747
1746545457	 59.508	 -0.997372	 -0.997028	 0.999451	 1.618652	 1.354370	 -4.851379	 1.633606	 -0.019531
1746545458	 58.293	 -0.997219	 -0.996723	 0.999451	 1.618958	 1.355286	 -4.855042	 1.632996	 0.000000
1746545459	 58.554	 -0.997334	 -0.997086	 0.999451	 1.618958	 1.354980	 -4.855347	 1.632996	 -0.036316
1746545460	 58.723	 -0.997658	 -0.997295	 0.999451	 1.618958	 1.354980	 -4.853210	 1.633606	 -0.021057
1746545461	 58.446	 -0.997486	 -0.997105	 0.999451	 1.618652	 1.354980	 -4.854736	 1.632996	 0.003357
1746545462	 58.662	 -0.997219	 -0.996857	 0.999756	 1.618958	 1.354980	 -4.854431	 1.632996	 -0.034485
1746545463	 58.554	 -0.997105	 -0.996647	 0.999451	 1.618347	 1.354980	 -4.851990	 1.633301	 0.034180
1746545464	 58.446	 -0.997372	 -0.997028	 0.999451	 1.618958	 1.354980	 -4.851990	 1.632385	 -0.044250
1746545465	 59.246	 -0.997353	 -0.997047	 0.999451	 1.619263	 1.355286	 -4.854126	 1.632996	 -0.022583
1746545466	 58.031	 -0.997372	 -0.997047	 0.999451	 1.618958	 1.355286	 -4.857178	 1.633606	 -0.099182
1746545467	 58.170	 -0.997009	 -0.996761	 0.999451	 1.618652	 1.354980	 -4.853821	 1.632996	 0.024719
1746545468	 58.477	 -0.997105	 -0.996819	 0.999451	 1.617737	 1.354370	 -4.851990	 1.633301	 0.169678
1746545469	 58.569	 -0.997257	 -0.996933	 0.999451	 1.618958	 1.355286	 -4.851990	 1.633301	 -0.001221
1746545470	 58.277	 -0.997486	 -0.997086	 0.999451	 1.619263	 1.355896	 -4.852905	 1.633606	 -0.085449
1746545471	 58.477	 -0.997295	 -0.996838	 0.999451	 1.618347	 1.354980	 -4.855347	 1.632996	 0.058594
1746545472	 57.970	 -0.997105	 -0.996799	 0.999756	 1.618042	 1.354675	 -4.851990	 1.633606	 0.110474
1746545473	 57.985	 -0.996780	 -0.996342	 0.999451	 1.618652	 1.355286	 -4.852600	 1.632996	 0.093384
1746545474	 57.831	 -0.997219	 -0.996971	 0.999756	 1.618958	 1.355896	 -4.850464	 1.633301	 -0.006104
1746545475	 58.523	 -0.997429	 -0.997047	 0.999756	 1.618652	 1.355591	 -4.852600	 1.633606	 -0.048218
1746545476	 58.293	 -0.997410	 -0.997009	 0.999451	 1.618958	 1.355896	 -4.854431	 1.633606	 -0.031738
1746545477	 58.600	 -0.997391	 -0.996971	 0.999756	 1.618958	 1.355896	 -4.853210	 1.632996	 -0.048523
1746545478	 58.446	 -0.997353	 -0.997086	 0.999756	 1.618958	 1.355896	 -4.854431	 1.633606	 -0.029907
1746545479	 57.847	 -0.997601	 -0.997276	 0.999756	 1.620178	 1.356812	 -4.853821	 1.633606	 -0.153809
1746545480	 57.908	 -0.997276	 -0.997047	 0.999451	 1.618958	 1.356201	 -4.853821	 1.633606	 -0.071716
1746545481	 58.462	 -0.997276	 -0.997009	 0.999756	 1.618958	 1.355896	 -4.856873	 1.632996	 -0.022278
1746545482	 58.462	 -0.997372	 -0.996876	 0.999451	 1.618652	 1.356201	 -4.854736	 1.632996	 -0.013428
1746545483	 58.846	 -0.997066	 -0.996723	 0.999451	 1.618652	 1.355896	 -4.851379	 1.632996	 0.078430
1746545484	 58.508	 -0.997143	 -0.996895	 0.999451	 1.618652	 1.356201	 -4.851990	 1.632996	 0.006409
1746545485	 58.769	 -0.997334	 -0.996952	 0.999756	 1.618652	 1.356201	 -4.852295	 1.633301	 -0.011292
1746545486	 58.631	 -0.997314	 -0.996876	 0.999146	 1.618652	 1.356506	 -4.852905	 1.632996	 -0.019531
1746545487	 58.600	 -0.997410	 -0.997028	 1.000061	 1.618958	 1.356506	 -4.854431	 1.633606	 0.032349
1746545488	 57.724	 -0.997448	 -0.997066	 0.999756	 1.618958	 1.356812	 -4.856262	 1.633606	 -0.084839
1746545489	 58.877	 -0.997524	 -0.997295	 0.999146	 1.619263	 1.357422	 -4.855042	 1.633606	 -0.119934
1746545490	 58.477	 -0.997181	 -0.996990	 0.999451	 1.618042	 1.356506	 -4.853210	 1.633606	 0.123596
1746545491	 58.000	 -0.997276	 -0.996838	 0.999756	 1.618958	 1.356812	 -4.851379	 1.633301	 -0.043945
1746545492	 58.277	 -0.997181	 -0.996952	 0.999451	 1.618958	 1.357422	 -4.852905	 1.633606	 -0.015259
1746545493	 58.877	 -0.997524	 -0.997181	 0.999451	 1.618958	 1.357422	 -4.853210	 1.632996	 -0.036926
1746545494	 58.077	 -0.997238	 -0.996933	 1.000061	 1.619263	 1.357727	 -4.853210	 1.632996	 -0.006409
1746545495	 57.970	 -0.997276	 -0.996838	 0.999451	 1.619263	 1.358032	 -4.851990	 1.633301	 -0.034485
1746545496	 58.400	 -0.997295	 -0.997086	 0.999451	 1.618958	 1.358337	 -4.851990	 1.633606	 -0.029297
1746545497	 58.077	 -0.997353	 -0.996895	 0.999756	 1.618958	 1.358032	 -4.855042	 1.633606	 -0.026245
1746545498	 59.123	 -0.997391	 -0.997105	 0.999451	 1.618958	 1.358643	 -4.856873	 1.632996	 -0.057678
1746545499	 58.708	 -0.997066	 -0.996761	 0.999756	 1.618042	 1.358337	 -4.853516	 1.632996	 0.055237
1746545500	 58.016	 -0.997372	 -0.997047	 0.999451	 1.618958	 1.358643	 -4.854431	 1.632996	 0.007324
1746545501	 58.323	 -0.997219	 -0.996857	 0.999451	 1.618652	 1.358643	 -4.853821	 1.632996	 0.053711
1746545502	 57.600	 -0.997391	 -0.997086	 0.999756	 1.618958	 1.358948	 -4.856567	 1.633301	 -0.048523
1746545503	 58.569	 -0.997143	 -0.996895	 0.999451	 1.618958	 1.359253	 -4.852295	 1.633606	 -0.016785
1746545504	 58.908	 -0.997124	 -0.996895	 0.999451	 1.618958	 1.359253	 -4.850464	 1.633301	 0.000000
1746545505	 58.939	 -0.997276	 -0.996933	 0.999451	 1.618958	 1.359253	 -4.852600	 1.632996	 -0.050659
1746545506	 58.569	 -0.997200	 -0.996857	 0.999756	 1.618652	 1.358948	 -4.851379	 1.632385	 -0.044861
1746545507	 57.893	 -0.997257	 -0.996895	 0.999756	 1.618652	 1.359253	 -4.852295	 1.632996	 -0.006409
1746545508	 58.293	 -0.997200	 -0.996857	 0.999451	 1.618958	 1.359253	 -4.851379	 1.633301	 -0.069885
1746545509	 58.046	 -0.997219	 -0.996895	 0.999756	 1.618958	 1.359253	 -4.850769	 1.633606	 -0.010986
1746545510	 59.077	 -0.997334	 -0.997105	 0.999451	 1.618958	 1.359253	 -4.856262	 1.632996	 0.011902
1746545511	 58.093	 -0.997181	 -0.996780	 0.999756	 1.618347	 1.358643	 -4.855042	 1.632996	 0.074768
1746545512	 58.754	 -0.997066	 -0.996819	 0.999146	 1.617737	 1.359253	 -4.855652	 1.633606	 0.036926
1746545513	 58.262	 -0.997219	 -0.996895	 0.999756	 1.618347	 1.358643	 -4.851990	 1.633606	 0.046997
1746545514	 58.477	 -0.997124	 -0.996723	 0.999756	 1.618347	 1.358337	 -4.851379	 1.633606	 0.048828
1746545515	 58.908	 -0.997391	 -0.996933	 0.999451	 1.618347	 1.358032	 -4.854126	 1.633301	 0.059814
1746545516	 57.877	 -0.997391	 -0.996971	 0.999451	 1.619263	 1.358337	 -4.856567	 1.632996	 -0.003662
1746545517	 58.200	 -0.997391	 -0.997028	 0.999146	 1.618347	 1.358643	 -4.855652	 1.633301	 -0.043335
1746545518	 59.077	 -0.997238	 -0.996876	 0.999756	 1.618958	 1.358337	 -4.855042	 1.633301	 0.003967
1746545519	 57.923	 -0.997505	 -0.997086	 0.999451	 1.618958	 1.358337	 -4.854736	 1.633606	 -0.065613
1746545520	 57.954	 -0.997334	 -0.996990	 0.999451	 1.618652	 1.358032	 -4.855652	 1.633606	 0.056458
1746545521	 58.723	 -0.997391	 -0.997047	 0.999756	 1.618652	 1.358337	 -4.854126	 1.632996	 0.008850
1746545522	 57.770	 -0.996952	 -0.996513	 0.999756	 1.618347	 1.358032	 -4.851990	 1.632996	 0.109558
1746545523	 57.908	 -0.997200	 -0.996914	 0.999451	 1.618652	 1.358337	 -4.851379	 1.633606	 -0.010376
1746545524	 57.985	 -0.997562	 -0.997200	 0.999451	 1.618958	 1.357727	 -4.851990	 1.633301	 -0.095520
1746545525	 58.093	 -0.997238	 -0.996857	 0.999756	 1.618958	 1.358032	 -4.852600	 1.633301	 -0.055847
1746545526	 58.677	 -0.997353	 -0.997047	 0.999756	 1.618958	 1.358032	 -4.855042	 1.632996	 -0.058289
1746545527	 58.000	 -0.997162	 -0.996761	 0.999451	 1.618958	 1.358032	 -4.855652	 1.633301	 -0.022888
1746545528	 57.954	 -0.997238	 -0.996876	 0.999451	 1.618958	 1.358337	 -4.851379	 1.633301	 -0.018311
1746545529	 58.323	 -0.997353	 -0.996933	 0.999756	 1.619263	 1.358337	 -4.851379	 1.632996	 -0.051270
1746545530	 58.446	 -0.997467	 -0.997105	 0.999756	 1.618652	 1.358337	 -4.851990	 1.633606	 -0.022888
1746545531	 58.200	 -0.997276	 -0.996971	 0.999451	 1.618958	 1.358337	 -4.855347	 1.633301	 -0.023193
1746545532	 57.893	 -0.997124	 -0.996857	 0.999451	 1.618958	 1.358337	 -4.854431	 1.632996	 0.013428
1746545533	 58.508	 -0.997372	 -0.997143	 0.999451	 1.619263	 1.358643	 -4.852600	 1.633606	 -0.093994
1746545534	 58.139	 -0.997314	 -0.997009	 0.999451	 1.618958	 1.358337	 -4.852600	 1.632996	 -0.010986
1746545535	 58.954	 -0.997486	 -0.997124	 0.999451	 1.618958	 1.358337	 -4.855652	 1.633301	 -0.004883
1746545536	 57.493	 -0.997219	 -0.996914	 0.999756	 1.618347	 1.358337	 -4.854431	 1.632996	 0.019226
1746545537	 58.646	 -0.997391	 -0.997105	 0.999756	 1.619263	 1.358337	 -4.852600	 1.632996	 -0.044250
1746545538	 58.277	 -0.997295	 -0.996895	 0.999756	 1.618958	 1.358643	 -4.853821	 1.632385	 -0.030823
1746545539	 58.231	 -0.997448	 -0.997086	 0.999756	 1.618958	 1.358643	 -4.855957	 1.633606	 -0.068054
1746545540	 58.108	 -0.997276	 -0.996799	 0.999451	 1.618652	 1.358337	 -4.853210	 1.632996	 0.000610
1746545541	 58.216	 -0.997066	 -0.996838	 0.999756	 1.618958	 1.358643	 -4.851379	 1.633301	 0.032349
1746545542	 58.216	 -0.997410	 -0.997124	 0.999451	 1.619263	 1.358643	 -4.853516	 1.632996	 0.021057
1746545543	 58.523	 -0.997372	 -0.997009	 0.999451	 1.618958	 1.358948	 -4.855957	 1.633606	 -0.070496
1746545544	 57.970	 -0.997276	 -0.996895	 0.999451	 1.618347	 1.358643	 -4.857483	 1.632996	 0.004578
1746545545	 58.262	 -0.997276	 -0.996876	 0.999451	 1.618652	 1.358643	 -4.855042	 1.632996	 0.109863
1746545546	 58.815	 -0.997334	 -0.996933	 0.999756	 1.618958	 1.359253	 -4.852600	 1.633606	 -0.046997
1746545547	 57.908	 -0.997295	 -0.996971	 0.999756	 1.618958	 1.358948	 -4.856262	 1.632996	 -0.034790
1746545548	 58.585	 -0.997276	 -0.996838	 0.999451	 1.618347	 1.358643	 -4.854736	 1.633606	 0.026855
1746545549	 58.046	 -0.997391	 -0.997066	 0.999451	 1.618958	 1.359253	 -4.853210	 1.633301	 -0.040588
1746545550	 57.770	 -0.997276	 -0.996971	 0.999756	 1.618958	 1.358948	 -4.853516	 1.632996	 -0.009155
1746545551	 58.016	 -0.997543	 -0.997162	 0.999451	 1.619568	 1.359253	 -4.858398	 1.633606	 -0.089722
1746545552	 58.677	 -0.997105	 -0.996780	 0.999756	 1.618652	 1.359253	 -4.852905	 1.633606	 -0.030212
1746545553	 58.354	 -0.997353	 -0.997009	 0.999146	 1.618958	 1.359253	 -4.854126	 1.632996	 -0.027466
1746545554	 58.523	 -0.997543	 -0.997181	 0.999451	 1.619263	 1.359558	 -4.856262	 1.633606	 -0.089417
1746545555	 58.000	 -0.997143	 -0.996780	 0.999451	 1.618347	 1.358948	 -4.852600	 1.633301	 0.065002
1746545556	 58.093	 -0.997448	 -0.997105	 0.999451	 1.618958	 1.359253	 -4.852600	 1.633606	 -0.021973
1746545557	 58.339	 -0.997505	 -0.997105	 0.999451	 1.619568	 1.359863	 -4.855652	 1.633606	 -0.138855
1746545558	 57.708	 -0.997429	 -0.997105	 0.999756	 1.618958	 1.359558	 -4.856262	 1.633301	 -0.016785
1746545559	 58.077	 -0.997066	 -0.996780	 0.999756	 1.618652	 1.359253	 -4.855347	 1.633301	 0.073853
1746545560	 57.816	 -0.997219	 -0.996914	 0.999756	 1.618958	 1.359558	 -4.857483	 1.632996	 0.004272
1746545561	 58.800	 -0.997295	 -0.996971	 0.999756	 1.618958	 1.359253	 -4.854431	 1.633606	 0.016174
1746545562	 57.893	 -0.997429	 -0.997028	 0.999756	 1.618652	 1.359863	 -4.852600	 1.633606	 -0.025330
1746545563	 58.031	 -0.997353	 -0.996933	 0.999451	 1.618652	 1.359863	 -4.851990	 1.632996	 -0.048523
1746545564	 57.677	 -0.997391	 -0.997028	 0.999756	 1.619568	 1.360168	 -4.852600	 1.633606	 -0.055237
