0
0
0
1
1
2
3
4
5
6
8
10
11
13
15
18
20
23
26
28
32
35
38
42
45
49
53
57
62
66
71
76
81
86
91
97
102
108
114
120
126
133
139
146
153
160
167
174
182
189
197
205
213
221
230
238
247
256
265
274
284
293
303
313
323
333
343
354
365
375
386
397
409
420
432
443
455
467
480
492
504
517
530
543
556
569
583
597
610
624
638
653
667
682
696
711
726
742
757
772
788
804
820
836
852
869
885
902
919
936
953
971
988
1006
1024
1042
1060
1079
1097
1116
1135
1154
1173
1192
1211
1231
1251
1271
1291
1311
1331
1352
1373
1394
1415
1436
1457
1479
1500
1522
1544
1566
1588
1611
1633
1656
1679
1702
1725
1749
1772
1796
1820
1844
1868
1892
1916
1941
1966
1991
2016
2041
2067
2092
2118
2144
2170
2196
2222
2249
2275
2302
2329
2356
2384
2411
2439
2466
2494
2522
2550
2579
2607
2636
2665
2694
2723
2752
2782
2811
2841
2871
2901
2931
2962
2992
3023
3054
3085
3116
3148
3179
3211
3242
3274
3307
3339
3371
3404
3437
3469
3502
3536
3569
3603
3636
3670
3704
3738
3772
3807
3841
3876
3911
3946
3981
4017
4052
4088
4124
4160
4196
4232
4269
4305
4342
4379
4416
4453
4491
4528
4566
4604
4642
4680
4718
4757
4796
4834
4873
4912
4952
4991
5031
5070
5110
5150
5190
5231
5271
5312
5353
5394
5435
5476
5517
5559
5601
5642
5684
5727
5769
5811
5854
5897
5940
5983
6026
6070
6113
6157
6201
6245
6289
6333
6378
6423
6467
6512
6557
6603
6648
6694
6739
6785
6831
6877
6924
6970
7017
7064
7111
7158
7205
7252
7300
7348
7396
7444
7492
7540
7589
7637
7686
7735
7784
7833
7883
7932
7982
8032
8082
8132
8182
8233
8283
8334
8385
8436
8487
8539
8590
8642
8694
8746
8798
8850
8903
8955
9008
9061
9114
9167
9221
9274
9328
9382
9436
9490
9544
9598
9653
9708
9763
9818
9873
9928
9984
10039
10095
10151
10207
10263
10320
10376
10433
10490
10547
10604
10661
10719
10776
10834
10892
10950
11008
11067
11125
11184
11243
11302
11361
11420
11479
11539
11599
11659
11719
11779
11839
11900
11960
12021
12082
12143
12204
12266
12327
12389
12451
12513
12575
12637
12699
12762
12825
12888
12951
13014
13077
13141
13204
13268
13332
13396
13460
13525
13589
13654
13719
13783
13849
13914
13979
14045
14111
14176
14242
14309
14375
14441
14508
14575
14642
14709
14776
14843
14911
14978
15046
15114
15182
15250
15319
15387
15456
15525
15594
15663
15732
15802
15871
15941
16011
16081
16151
16221
16292
16362
16433
16504
16575
16646
16718
16789
16861
16932
17004
17076
17149
17221
17294
17366
17439
17512
17585
17658
17732
17805
17879
17953
18027
18101
18175
18250
18324
18399
18474
18549
18624
18699
18775
18850
18926
19002
19078
19154
19231
19307
19384
19460
19537
19614
19692
19769
19846
19924
20002
20080
20158
20236
20314
20393
20472
20550
20629
20708
20788
20867
20947
21026
21106
21186
21266
21346
21427
21507
21588
21669
21750
21831
21912
21994
22075
22157
22239
22321
22403
22485
22567
22650
22733
22816
22899
22982
23065
23148
23232
23316
23400
23484
23568
23652
23736
23821
23906
23990
24075
24161
24246
24331
24417
24503
24588
24674
24761
24847
24933
25020
25106
25193
25280
25367
25455
25542
25630
25717
25805
25893
25981
26070
26158
26247
26335
26424
26513
26602
26691
26781
26870
26960
27050
27140
27230
27320
27410
27501
27592
27682
27773
27865
27956
28047
28139
28230
28322
28414
28506
28598
28691
28783
28876
28968
29061
29154
29248
29341
29434
29528
29622
29716
29810
29904
29998
30093
30187
30282
30377
30472
30567
30662
30758
30853
30949
31045
31141
31237
31333
31429
31526
31623
31719
31816
31913
32011
32108
32205
32303
32401
32499
32597
32695
32793
32892
32990
33089
33188
33287
33386
33485
33585
33684
33784
33884
33984
34084
34184
34284
34385
34486
34586
34687
34788
34890
34991
35092
35194
35296
35398
35500
35602
35704
35806
35909
36012
36114
36217
36320
36424
36527
36631
36734
36838
36942
37046
37150
37254
37359
37463
37568
37673
37778
37883
37988
38094
38199
38305
38411
38517
38623
38729
38835
38942
39048
39155
39262
39369
39476
39583
39690
39798
39906
40013
40121
40229
40338
40446
40554
40663
40772
40880
40989
41099
41208
41317
41427
41536
41646
41756
41866
41976
42087
42197
42308
42418
42529
42640
42751
42862
42974
43085
43197
43309
43420
43532
43645
43757
43869
43982
44094
44207
44320
44433
44546
44660
44773
44887
45000
45114
45228
45342
45457
45571
45685
45800
45915
46030
46145
46260
46375
46490
46606
46722
46837
46953
47069
47185
47302
47418
47535
47651
47768
47885
48002
48119
48237
48354
48472
48589
48707
48825
48943
49062
49180
49298
49417
49536
49654
49773
49893
50012
50131
50251
50370
50490
50610
50730
50850
50970
51091
51211
51332
51452
51573
51694
51815
51937
52058
52180
52301
52423
52545
52667
52789
52911
53034
53156
53279
53401
53524
53647
53770
53894
54017
54141
54264
54388
54512
54636
54760
54884
55009
55133
55258
55382
55507
55632
55757
55883
56008
56133
56259
56385
56511
56637
56763
56889
57015
57142
57268
57395
57522
57649
57776
57903
58030
58158
58285
58413
58541
58669
58797
58925
59053
59182
59310
59439
59568
59696
59825
59955
60084
60213
60343
60472
60602
60732
60862
60992
61122
61253
61383
61514
61644
61775
61906
62037
62168
62300
62431
62563
62694
62826
62958
63090
63222
63354
63487
63619
63752
63884
64017
64150
64283
64417
64550
64683
64817
64951
65084
65218
65352
65486
65621
65755
65889
66024
66159
66294
66429
66564
66699
66834
66970
67105
67241
67377
67512
67648
67785
67921
68057
68194
68330
68467
68604
68741
68878
69015
69152
69290
69427
69565
69702
69840
69978
70116
70254
70393
70531
70670
70808
70947
71086
71225
71364
71503
71643
71782
71922
72061
72201
72341
72481
72621
72761
72902
73042
73183
73323
73464
73605
73746
73887
74029
74170
74311
74453
74595
74737
74878
75020
75163
75305
75447
75590
75732
75875
76018
76161
76304
76447
76590
76734
76877
77021
77164
77308
77452
77596
77740
77884
78029
78173
78318
78462
78607
78752
78897
79042
79188
79333
79478
79624
79770
79915
80061
80207
80353
80499
80646
80792
80939
81085
81232
81379
81526
81673
81820
81967
82115
82262
82410
82558
82705
82853
83001
83149
83298
83446
83595
83743
83892
84041
84189
84338
84487
84637
84786
84935
85085
85235
85384
85534
85684
85834
85984
86134
86285
86435
86586
86736
86887
87038
87189
87340
87491
87643
87794
87945
88097
88249
88401
88552
88704
88857
89009
89161
89314
89466
89619
89771
89924
90077
90230
90383
90537
90690
90843
90997
91151
91304
91458
91612
91766
91920
92075
92229
92383
92538
92693
92847
93002
93157
93312
93467
93623
93778
93933
94089
94245
94400
94556
94712
94868
95024
95181
95337
95494
95650
95807
95963
96120
96277
96434
96591
96749
96906
97063
97221
97379
97536
97694
97852
98010
98168
98326
98485
98643
98802
98960
99119
99278
99437
99596
99755
99914
100073
100233
100392
100552
100711
100871
101031
101191
101351
101511
101671
101832
101992
102152
102313
102474
102635
102795
102956
103118
103279
103440
103601
103763
103924
104086
104248
104410
104571
104733
104896
105058
105220
105382
105545
105708
105870
106033
106196
106359
106522
106685
106848
107011
107175
107338
107502
107666
107829
107993
108157
108321
108485
108650
108814
108978
109143
109307
109472
109637
109802
109967
110132
110297
110462
110627
110793
110958
111124
111289
111455
111621
111787
111953
112119
112285
112452
112618
112784
112951
113118
113284
113451
113618
113785
113952
114119
114287
114454
114621
114789
114956
115124
115292
115460
115628
115796
115964
116132
116300
116469
116637
116806
116974
117143
117312
117481
117650
117819
117988
118157
118326
118496
118665
118835
119005
119174
119344
119514
119684
119854
120024
120194
120365
120535
120706
120876
121047
121218
121388
121559
121730
121901
122073
122244
122415
122587
122758
122930
123101
123273
123445
123617
123789
123961
124133
124305
124477
124650
124822
124995
125167
125340
125513
125686
125859
126032
126205
126378
126551
126725
126898
127071
127245
127419
127592
127766
127940
128114
128288
128462
128636
128811
128985
129160
129334
129509
129683
129858
130033
130208
130383
130558
130733
130908
131084
131259
131434
131610
131786
131961
132137
132313
132489
132665
132841
133017
133193
133369
133546
133722
133899
134075
134252
134429
134605
134782
134959
135136
135313
135491
135668
135845
136023
136200
136378
136555
136733
136911
137089
137267
137445
137623
137801
137979
138157
138336
138514
138693
138871
139050
139228
139407
139586
139765
139944
140123
140302
140481
140661
140840
141020
141199
141379
141558
141738
141918
142098
142278
142458
142638
142818
142998
143178
143359
143539
143719
143900
144081
144261
144442
144623
144804
144985
145166
145347
145528
145709
145890
146072
146253
146435
146616
146798
146980
147161
147343
147525
147707
147889
148071
148253
148436
148618
148800
148983
149165
149348
149531
149713
149896
150079
150262
150445
150628
150811
150994
151177
151360
151544
151727
151911
152094
152278
152461
152645
152829
153013
153197
153381
153565
153749
153933
154117
154302
154486
154670
154855
155039
155224
155409
155593
155778
155963
156148
156333
156518
156703
156888
157073
157259
157444
157630
157815
158000
158186
158372
158557
158743
158929
159115
159301
159487
159673
159859
160045
160231
160418
160604
160791
160977
161164
161350
161537
161723
161910
162097
162284
162471
162658
162845
163032
163219
163406
163594
163781
163968
164156
164343
164531
164719
164906
165094
165282
165470
165658
165845
166033
166222
166410
166598
166786
166974
167163
167351
167540
167728
167917
168105
168294
168483
168671
168860
169049
169238
169427
169616
169805
169994
170183
170373
170562
170751
170941
171130
171320
171509
171699
171889
172078
172268
172458
172648
172838
173028
173218
173408
173598
173788
173978
174169
174359
174549
174740
174930
175121
175311
175502
175693
175883
176074
176265
176456
176647
176838
177029
177220
177411
177602
177793
177985
178176
178367
178559
178750
178942
179133
179325
179516
179708
179900
180092
180283
180475
180667
180859
181051
181243
181435
181628
181820
182012
182204
182397
182589
182781
182974
183166
183359
183552
183744
183937
184130
184322
184515
184708
184901
185094
185287
185480
185673
185866
186059
186253
186446
186639
186833
187026
187219
187413
187606
187800
187994
188187
188381
188575
188768
188962
189156
189350
189544
189738
189932
190126
190320
190514
190708
190902
191097
191291
191485
191680
191874
192068
192263
192457
192652
192847
193041
193236
193431
193625
193820
194015
194210
194405
194600
194795
194990
195185
195380
195575
195770
195965
196161
196356
196551
196747
196942
197138
197333
197528
197724
197920
198115
198311
198506
198702
198898
199094
199290
199485
199681
199877
200073
200269
200465
200661
200857
201053
201250
201446
201642
201838
202035
202231
202427
202624
202820
203017
203213
203410
203606
203803
203999
204196
204393
204589
204786
204983
205180
205376
205573
205770
205967
206164
206361
206558
206755
206952
207149
207347
207544
207741
207938
208135
208333
208530
208727
208925
209122
209320
209517
209715
209912
210110
210307
210505
210702
210900
211098
211295
211493
211691
211889
212087
212284
212482
212680
212878
213076
213274
213472
213670
213868
214066
214264
214463
214661
214859
215057
215255
215454
215652
215850
216049
216247
216445
216644
216842
217041
217239
217438
217636
217835
218033
218232
218430
218629
218828
219026
219225
219424
219623
219821
220020
220219
220418
220617
220816
221015
221213
221412
221611
221810
222009
222208
222407
222607
222806
223005
223204
223403
223602
223801
224001
224200
224399
224598
224798
224997
225196
225396
225595
225794
225994
226193
226393
226592
226792
226991
227191
227390
227590
227789
227989
228189
228388
228588
228787
228987
229187
229386
229586
229786
229986
230185
230385
230585
230785
230985
231184
231384
231584
231784
231984
232184
232384
232584
232784
232984
233184
233384
233584
233784
233984
234184
234384
234584
234784
234984
235184
235384
235585
235785
235985
236185
236385
236585
236786
236986
237186
237386
237587
237787
237987
238187
238388
238588
238788
238989
239189
239389
239590
239790
239991
240191
240391
240592
240792
240993
241193
241394
241594
241794
241995
242195
242396
242596
242797
242997
243198
243399
243599
243800
244000
244201
244401
244602
244802
245003
245204
245404
245605
245805
246006
246207
246407
246608
246809
247009
247210
247411
247611
247812
248013
248213
248414
248615
248815
249016
249217
249417
249618
249819
250020
250220
250421
250622
250823
251023
251224
251425
251625
251826
252027
252228
252428
252629
252830
253031
253231
253432
253633
253834
254034
254235
254436
254637
254838
255038
255239
255440
255641
255841
256042
256243
256444
256644
256845
257046
257247
257447
257648
257849
258050
258250
258451
258652
258853
259053
259254
259455
259656
259856
260057
260258
260459
260659
260860
261061
261262
261462
261663
261864
262064
262265
262466
262666
262867
263068
263269
263469
263670
263871
264071
264272
264472
264673
264874
265074
265275
265476
265676
265877
266077
266278
266479
266679
266880
267080
267281
267481
267682
267883
268083
268284
268484
268685
268885
269086
269286
269487
269687
269887
270088
270288
270489
270689
270890
271090
271290
271491
271691
271892
272092
272292
272493
272693
272893
273093
273294
273494
273694
273895
274095
274295
274495
274695
274896
275096
275296
275496
275696
275896
276097
276297
276497
276697
276897
277097
277297
277497
277697
277897
278097
278297
278497
278697
278897
279097
279297
279497
279697
279896
280096
280296
280496
280696
280895
281095
281295
281495
281694
281894
282094
282294
282493
282693
282892
283092
283292
283491
283691
283890
284090
284289
284489
284688
284888
285087
285287
285486
285685
285885
286084
286283
286483
286682
286881
287081
287280
287479
287678
287877
288076
288276
288475
288674
288873
289072
289271
289470
289669
289868
290067
290266
290465
290664
290862
291061
291260
291459
291658
291856
292055
292254
292452
292651
292850
293048
293247
293445
293644
293843
294041
294239
294438
294636
294835
295033
295231
295430
295628
295826
296025
296223
296421
296619
296817
297015
297214
297412
297610
297808
298006
298204
298402
298600
298797
298995
299193
299391
299589
299786
299984
300182
300380
300577
300775
300972
301170
301368
301565
301762
301960
302157
302355
302552
302749
302947
303144
303341
303538
303736
303933
304130
304327
304524
304721
304918
305115
305312
305509
305706
305903
306100
306296
306493
306690
306887
307083
307280
307476
307673
307870
308066
308263
308459
308655
308852
309048
309244
309441
309637
309833
310029
310225
310422
310618
310814
311010
311206
311402
311597
311793
311989
312185
312381
312576
312772
312968
313163
313359
313555
313750
313946
314141
314336
314532
314727
314922
315118
315313
315508
315703
315898
316093
316288
316483
316678
316873
317068
317263
317458
317653
317847
318042
318237
318431
318626
318821
319015
319210
319404
319598
319793
319987
320181
320376
320570
320764
320958
321152
321346
321540
321734
321928
322122
322316
322509
322703
322897
323090
323284
323478
323671
323865
324058
324252
324445
324638
324831
325025
325218
325411
325604
325797
325990
326183
326376
326569
326762
326955
327147
327340
327533
327725
327918
328111
328303
328496
328688
328880
329073
329265
329457
329649
329841
330033
330226
330418
330609
330801
330993
331185
331377
331569
331760
331952
332143
332335
332526
332718
332909
333101
333292
333483
333674
333865
334056
334248
334439
334629
334820
335011
335202
335393
335583
335774
335965
336155
336346
336536
336727
336917
337107
337298
337488
337678
337868
338058
338248
338438
338628
338818
339008
339197
339387
339577
339766
339956
340145
340335
340524
340713
340903
341092
341281
341470
341659
341848
342037
342226
342415
342604
342793
342981
343170
343358
343547
343735
343924
344112
344301
344489
344677
344865
345053
345241
345429
345617
345805
345993
346181
346368
346556
346744
346931
347119
347306
347493
347681
347868
348055
348242
348429
348616
348803
348990
349177
349364
349551
349737
349924
350111
350297
350483
350670
350856
351042
351229
351415
351601
351787
351973
352159
352345
352530
352716
352902
353088
353273
353459
353644
353829
354015
354200
354385
354570
354755
354940
355125
355310
355495
355680
355864
356049
356234
356418
356603
356787
356971
357156
357340
357524
357708
357892
358076
358260
358444
358627
358811
358995
359178
359362
359545
359729
359912
360095
360278
360462
360645
360828
361011
361193
361376
361559
361742
361924
362107
362289
362472
362654
362836
363018
363201
363383
363565
363747
363928
364110
364292
364474
364655
364837
365018
365200
365381
365562
365743
365925
366106
366287
366468
366648
366829
367010
367191
367371
367552
367732
367912
368093
368273
368453
368633
368813
368993
369173
369353
369533
369712
369892
370072
370251
370430
370610
370789
370968
371147
371326
371505
371684
371863
372042
372220
372399
372578
372756
372934
373113
373291
373469
373647
373825
374003
374181
374359
374537
374714
374892
375069
375247
375424
375602
375779
375956
376133
376310
376487
376664
376841
377017
377194
377370
377547
377723
377900
378076
378252
378428
378604
378780
378956
379132
379307
379483
379659
379834
380010
380185
380360
380535
380710
380885
381060
381235
381410
381585
381759
381934
382108
382283
382457
382631
382806
382980
383154
383328
383501
383675
383849
384023
384196
384370
384543
384716
384889
385063
385236
385409
385582
385754
385927
386100
386272
386445
386617
386790
386962
387134
387306
387478
387650
387822
387994
388165
388337
388509
388680
388851
389023
389194
389365
389536
389707
389878
390049
390219
390390
390560
390731
390901
391071
391242
391412
391582
391752
391922
392091
392261
392431
392600
392770
392939
393108
393277
393447
393616
393785
393953
394122
394291
394459
394628
394796
394965
395133
395301
395469
395637
395805
395973
396141
396308
396476
396643
396811
396978
397145
397312
397479
397646
397813
397980
398147
398313
398480
398646
398812
398979
399145
399311
399477
399643
399808
399974
400140
400305
400471
400636
400801
400967
401132
401297
401462
401626
401791
401956
402120
402285
402449
402613
402777
402942
403106
403269
403433
403597
403761
403924
404088
404251
404414
404577
404741
404904
405066
405229
405392
405555
405717
405880
406042
406204
406366
406528
406690
406852
407014
407176
407337
407499
407660
407821
407983
408144
408305
408466
408627
408787
408948
409109
409269
409429
409590
409750
409910
410070
410230
410390
410549
410709
410869
411028
411187
411347
411506
411665
411824
411982
412141
412300
412458
412617
412775
412933
413092
413250
413408
413566
413723
413881
414039
414196
414353
414511
414668
414825
414982
415139
415296
415452
415609
415766
415922
416078
416234
416391
416547
416702
416858
417014
417170
417325
417480
417636
417791
417946
418101
418256
418411
418566
418720
418875
419029
419183
419338
419492
419646
419800
419953
420107
420261
420414
420568
420721
420874
421027
421180
421333
421486
421638
421791
421943
422096
422248
422400
422552
422704
422856
423008
423160
423311
423463
423614
423765
423916
424067
424218
424369
424520
424670
424821
424971
425122
425272
425422
425572
425722
425871
426021
426171
426320
426469
426619
426768
426917
427066
427215
427363
427512
427661
427809
427957
428105
428253
428401
428549
428697
428845
428992
429140
429287
429434
429581
429728
429875
430022
430169
430315
430462
430608
430754
430901
431047
431193
431338
431484
431630
431775
431921
432066
432211
432356
432501
432646
432791
432935
433080
433224
433369
433513
433657
433801
433945
434088
434232
434376
434519
434662
434805
434949
435092
435234
435377
435520
435662
435805
435947
436089
436231
436373
436515
436657
436799
436940
437082
437223
437364
437505
437646
437787
437928
438068
438209
438349
438490
438630
438770
438910
439050
439189
439329
439468
439608
439747
439886
440025
440164
440303
440442
440580
440719
440857
440995
441134
441272
441410
441547
441685
441823
441960
442097
442235
442372
442509
442646
442782
442919
443055
443192
443328
443464
443600
443736
443872
444008
444143
444279
444414
444550
444685
444820
444955
445089
445224
445359
445493
445627
445762
445896
446030
446163
446297
446431
446564
446698
446831
446964
447097
447230
447363
447495
447628
447760
447893
448025
448157
448289
448421
448552
448684
448815
448947
449078
449209
449340
449471
449602
449732
449863
449993
450124
450254
450384
450514
450644
450773
450903
451032
451162
451291
451420
451549
451678
451806
451935
452063
452192
452320
452448
452576
452704
452832
452959
453087
453214
453341
453469
453596
453722
453849
453976
454102
454229
454355
454481
454607
454733
454859
454985
455110
455236
455361
455486
455611
455736
455861
455986
456110
456234
456359
456483
456607
456731
456855
456978
457102
457225
457349
457472
457595
457718
457841
457963
458086
458208
458331
458453
458575
458697
458819
458940
459062
459183
459305
459426
459547
459668
459789
459909
460030
460150
460271
460391
460511
460631
460751
460870
460990
461109
461229
461348
461467
461586
461705
461823
461942
462060
462178
462297
462415
462532
462650
462768
462885
463003
463120
463237
463354
463471
463588
463704
463821
463937
464053
464170
464285
464401
464517
464633
464748
464863
464979
465094
465209
465323
465438
465553
465667
465781
465895
466010
466123
466237
466351
466464
466578
466691
466804
466917
467030
467143
467255
467368
467480
467592
467704
467816
467928
468040
468151
468263
468374
468485
468596
468707
468818
468929
469039
469149
469260
469370
469480
469590
469699
469809
469918
470028
470137
470246
470355
470464
470572
470681
470789
470897
471005
471113
471221
471329
471437
471544
471651
471759
471866
471973
472079
472186
472293
472399
472505
472611
472717
472823
472929
473034
473140
473245
473350
473455
473560
473665
473770
473874
473979
474083
474187
474291
474395
474498
474602
474705
474809
474912
475015
475118
475221
475323
475426
475528
475630
475732
475834
475936
476038
476139
476241
476342
476443
476544
476645
476746
476846
476947
477047
477147
477247
477347
477447
477546
477646
477745
477844
477943
478042
478141
478240
478338
478437
478535
478633
478731
478829
478927
479024
479122
479219
479316
479413
479510
479607
479703
479800
479896
479992
480088
480184
480280
480375
480471
480566
480661
480757
480851
480946
481041
481135
481230
481324
481418
481512
481606
481700
481793
481887
481980
482073
482166
482259
482351
482444
482536
482629
482721
482813
482905
482996
483088
483179
483271
483362
483453
483544
483634
483725
483816
483906
483996
484086
484176
484266
484355
484445
484534
484623
484712
484801
484890
484979
485067
485155
485244
485332
485420
485507
485595
485682
485770
485857
485944
486031
486118
486204
486291
486377
486463
486549
486635
486721
486807
486892
486978
487063
487148
487233
487318
487402
487487
487571
487655
487739
487823
487907
487991
488074
488157
488241
488324
488407
488489
488572
488655
488737
488819
488901
488983
489065
489146
489228
489309
489390
489471
489552
489633
489714
489794
489875
489955
490035
490115
490194
490274
490353
490433
490512
490591
490670
490748
490827
490906
490984
491062
491140
491218
491296
491373
491451
491528
491605
491682
491759
491835
491912
491988
492065
492141
492217
492293
492368
492444
492519
492594
492669
492744
492819
492894
492968
493043
493117
493191
493265
493339
493412
493486
493559
493632
493705
493778
493851
493923
493996
494068
494140
494212
494284
494356
494428
494499
494570
494641
494712
494783
494854
494924
494995
495065
495135
495205
495275
495344
495414
495483
495552
495622
495690
495759
495828
495896
495965
496033
496101
496169
496236
496304
496371
496439
496506
496573
496640
496706
496773
496839
496905
496971
497037
497103
497169
497234
497300
497365
497430
497495
497559
497624
497688
497753
497817
497881
497945
498008
498072
498135
498199
498262
498325
498387
498450
498513
498575
498637
498699
498761
498823
498884
498946
499007
499068
499129
499190
499251
499311
499372
499432
499492
499552
499612
499672
499731
499790
499850
499909
499968
500026
500085
500143
500202
500260
500318
500376
500433
500491
500548
500605
500662
500719
500776
500833
500889
500946
501002
501058
501114
501169
501225
501280
501336
501391
501446
501500
501555
501610
501664
501718
501772
501826
501880
501933
501987
502040
502093
502146
502199
502252
502304
502357
502409
502461
502513
502565
502616
502668
502719
502770
502821
502872
502923
502973
503024
503074
503124
503174
503224
503273
503323
503372
503421
503470
503519
503568
503616
503665
503713
503761
503809
503857
503905
503952
503999
504047
504094
504140
504187
504234
504280
504326
504373
504418
504464
504510
504555
504601
504646
504691
504736
504781
504825
504870
504914
504958
505002
505046
505089
505133
505176
505219
505262
505305
505348
505391
505433
505475
505517
505559
505601
505643
505684
505726
505767
505808
505849
505889
505930
505970
506011
506051
506091
506130
506170
506210
506249
506288
506327
506366
506405
506443
506482
506520
506558
506596
506634
506671
506709
506746
506783
506820
506857
506894
506930
506967
507003
507039
507075
507111
507146
507182
507217
507252
507287
507322
507357
507391
507426
507460
507494
507528
507561
507595
507628
507662
507695
507728
507761
507793
507826
507858
507890
507922
507954
507986
508018
508049
508080
508111
508142
508173
508204
508234
508264
508295
508325
508354
508384
508414
508443
508472
508501
508530
508559
508588
508616
508644
508673
508701
508728
508756
508784
508811
508838
508865
508892
508919
508945
508972
508998
509024
509050
509076
509101
509127
509152
509177
509202
509227
509252
509277
509301
509325
509349
509373
509397
509421
509444
509467
509490
509513
509536
509559
509581
509604
509626
509648
509670
509691
509713
509734
509756
509777
509798
509819
509839
509860
509880
509900
509920
509940
509960
509979
509998
510018
510037
510056
510074
510093
510111
510130
510148
510166
510184
510201
510219
510236
510253
510270
510287
510304
510320
510337
510353
510369
510385
510401
510416
510432
510447
510462
510477
510492
510506
510521
510535
510549
510563
510577
510591
510605
510618
510631
510644
510657
510670
510683
510695
510707
510719
510731
510743
510755
510766
510778
510789
510800
510811
510822
510832
510843
510853
510863
510873
510883
510892
510902
510911
510920
510929
510938
510947
510955
510963
510972
510980
510988
510995
511003
511010
511018
511025
511032
511038
511045
511051
511058
511064
511070
511076
511081
511087
511092
511098
511103
511107
511112
511117
511121
511125
511130
511133
511137
511141
511144
511148
511151
511154
511157
511159
511162
511164
511166
511168
511170
511172
511174
511175
511176
511177
511178
511179
511180
511180
511181
511181
511181
511181
511180
511180
511179
511178
511177
511176
511175
511174
511172
511170
511168
511166
511164
511162
511159
511157
511154
511151
511148
511144
511141
511137
511133
511130
511125
511121
511117
511112
511107
511103
511098
511092
511087
511081
511076
511070
511064
511058
511051
511045
511038
511032
511025
511018
511010
511003
510995
510988
510980
510972
510963
510955
510947
510938
510929
510920
510911
510902
510892
510883
510873
510863
510853
510843
510832
510822
510811
510800
510789
510778
510766
510755
510743
510731
510719
510707
510695
510683
510670
510657
510644
510631
510618
510605
510591
510577
510563
510549
510535
510521
510506
510492
510477
510462
510447
510432
510416
510401
510385
510369
510353
510337
510320
510304
510287
510270
510253
510236
510219
510201
510184
510166
510148
510130
510111
510093
510074
510056
510037
510018
509998
509979
509960
509940
509920
509900
509880
509860
509839
509819
509798
509777
509756
509734
509713
509691
509670
509648
509626
509604
509581
509559
509536
509513
509490
509467
509444
509421
509397
509373
509349
509325
509301
509277
509252
509227
509202
509177
509152
509127
509101
509076
509050
509024
508998
508972
508945
508919
508892
508865
508838
508811
508784
508756
508728
508701
508673
508644
508616
508588
508559
508530
508501
508472
508443
508414
508384
508354
508325
508295
508264
508234
508204
508173
508142
508111
508080
508049
508018
507986
507954
507922
507890
507858
507826
507793
507761
507728
507695
507662
507628
507595
507561
507528
507494
507460
507426
507391
507357
507322
507287
507252
507217
507182
507146
507111
507075
507039
507003
506967
506930
506894
506857
506820
506783
506746
506709
506671
506634
506596
506558
506520
506482
506443
506405
506366
506327
506288
506249
506210
506170
506130
506091
506051
506011
505970
505930
505889
505849
505808
505767
505726
505684
505643
505601
505559
505517
505475
505433
505391
505348
505305
505262
505219
505176
505133
505089
505046
505002
504958
504914
504870
504825
504781
504736
504691
504646
504601
504555
504510
504464
504418
504373
504326
504280
504234
504187
504140
504094
504047
503999
503952
503905
503857
503809
503761
503713
503665
503616
503568
503519
503470
503421
503372
503323
503273
503224
503174
503124
503074
503024
502973
502923
502872
502821
502770
502719
502668
502616
502565
502513
502461
502409
502357
502304
502252
502199
502146
502093
502040
501987
501933
501880
501826
501772
501718
501664
501610
501555
501500
501446
501391
501336
501280
501225
501169
501114
501058
501002
500946
500889
500833
500776
500719
500662
500605
500548
500491
500433
500376
500318
500260
500202
500143
500085
500026
499968
499909
499850
499790
499731
499672
499612
499552
499492
499432
499372
499311
499251
499190
499129
499068
499007
498946
498884
498823
498761
498699
498637
498575
498513
498450
498387
498325
498262
498199
498135
498072
498008
497945
497881
497817
497753
497688
497624
497559
497495
497430
497365
497300
497234
497169
497103
497037
496971
496905
496839
496773
496706
496640
496573
496506
496439
496371
496304
496236
496169
496101
496033
495965
495896
495828
495759
495690
495622
495552
495483
495414
495344
495275
495205
495135
495065
494995
494924
494854
494783
494712
494641
494570
494499
494428
494356
494284
494212
494140
494068
493996
493923
493851
493778
493705
493632
493559
493486
493412
493339
493265
493191
493117
493043
492968
492894
492819
492744
492669
492594
492519
492444
492368
492293
492217
492141
492065
491988
491912
491835
491759
491682
491605
491528
491451
491373
491296
491218
491140
491062
490984
490906
490827
490748
490670
490591
490512
490433
490353
490274
490194
490115
490035
489955
489875
489794
489714
489633
489552
489471
489390
489309
489228
489146
489065
488983
488901
488819
488737
488655
488572
488489
488407
488324
488241
488157
488074
487991
487907
487823
487739
487655
487571
487487
487402
487318
487233
487148
487063
486978
486892
486807
486721
486635
486549
486463
486377
486291
486204
486118
486031
485944
485857
485770
485682
485595
485507
485420
485332
485244
485155
485067
484979
484890
484801
484712
484623
484534
484445
484355
484266
484176
484086
483996
483906
483816
483725
483634
483544
483453
483362
483271
483179
483088
482996
482905
482813
482721
482629
482536
482444
482351
482259
482166
482073
481980
481887
481793
481700
481606
481512
481418
481324
481230
481135
481041
480946
480851
480757
480661
480566
480471
480375
480280
480184
480088
479992
479896
479800
479703
479607
479510
479413
479316
479219
479122
479024
478927
478829
478731
478633
478535
478437
478338
478240
478141
478042
477943
477844
477745
477646
477546
477447
477347
477247
477147
477047
476947
476846
476746
476645
476544
476443
476342
476241
476139
476038
475936
475834
475732
475630
475528
475426
475323
475221
475118
475015
474912
474809
474705
474602
474498
474395
474291
474187
474083
473979
473874
473770
473665
473560
473455
473350
473245
473140
473034
472929
472823
472717
472611
472505
472399
472293
472186
472079
471973
471866
471759
471651
471544
471437
471329
471221
471113
471005
470897
470789
470681
470572
470464
470355
470246
470137
470028
469918
469809
469699
469590
469480
469370
469260
469149
469039
468929
468818
468707
468596
468485
468374
468263
468151
468040
467928
467816
467704
467592
467480
467368
467255
467143
467030
466917
466804
466691
466578
466464
466351
466237
466123
466010
465895
465781
465667
465553
465438
465323
465209
465094
464979
464863
464748
464633
464517
464401
464285
464170
464053
463937
463821
463704
463588
463471
463354
463237
463120
463003
462885
462768
462650
462532
462415
462297
462178
462060
461942
461823
461705
461586
461467
461348
461229
461109
460990
460870
460751
460631
460511
460391
460271
460150
460030
459909
459789
459668
459547
459426
459305
459183
459062
458940
458819
458697
458575
458453
458331
458208
458086
457963
457841
457718
457595
457472
457349
457225
457102
456978
456855
456731
456607
456483
456359
456234
456110
455986
455861
455736
455611
455486
455361
455236
455110
454985
454859
454733
454607
454481
454355
454229
454102
453976
453849
453722
453596
453469
453341
453214
453087
452959
452832
452704
452576
452448
452320
452192
452063
451935
451806
451678
451549
451420
451291
451162
451032
450903
450773
450644
450514
450384
450254
450124
449993
449863
449732
449602
449471
449340
449209
449078
448947
448815
448684
448552
448421
448289
448157
448025
447893
447760
447628
447495
447363
447230
447097
446964
446831
446698
446564
446431
446297
446163
446030
445896
445762
445627
445493
445359
445224
445089
444955
444820
444685
444550
444414
444279
444143
444008
443872
443736
443600
443464
443328
443192
443055
442919
442782
442646
442509
442372
442235
442097
441960
441823
441685
441547
441410
441272
441134
440995
440857
440719
440580
440442
440303
440164
440025
439886
439747
439608
439468
439329
439189
439050
438910
438770
438630
438490
438349
438209
438068
437928
437787
437646
437505
437364
437223
437082
436940
436799
436657
436515
436373
436231
436089
435947
435805
435662
435520
435377
435234
435092
434949
434805
434662
434519
434376
434232
434088
433945
433801
433657
433513
433369
433224
433080
432935
432791
432646
432501
432356
432211
432066
431921
431775
431630
431484
431338
431193
431047
430901
430754
430608
430462
430315
430169
430022
429875
429728
429581
429434
429287
429140
428992
428845
428697
428549
428401
428253
428105
427957
427809
427661
427512
427363
427215
427066
426917
426768
426619
426469
426320
426171
426021
425871
425722
425572
425422
425272
425122
424971
424821
424670
424520
424369
424218
424067
423916
423765
423614
423463
423311
423160
423008
422856
422704
422552
422400
422248
422096
421943
421791
421638
421486
421333
421180
421027
420874
420721
420568
420414
420261
420107
419953
419800
419646
419492
419338
419183
419029
418875
418720
418566
418411
418256
418101
417946
417791
417636
417480
417325
417170
417014
416858
416702
416547
416391
416234
416078
415922
415766
415609
415452
415296
415139
414982
414825
414668
414511
414353
414196
414039
413881
413723
413566
413408
413250
413092
412933
412775
412617
412458
412300
412141
411982
411824
411665
411506
411347
411187
411028
410869
410709
410549
410390
410230
410070
409910
409750
409590
409429
409269
409109
408948
408787
408627
408466
408305
408144
407983
407821
407660
407499
407337
407176
407014
406852
406690
406528
406366
406204
406042
405880
405717
405555
405392
405229
405066
404904
404741
404577
404414
404251
404088
403924
403761
403597
403433
403269
403106
402942
402777
402613
402449
402285
402120
401956
401791
401626
401462
401297
401132
400967
400801
400636
400471
400305
400140
399974
399808
399643
399477
399311
399145
398979
398812
398646
398480
398313
398147
397980
397813
397646
397479
397312
397145
396978
396811
396643
396476
396308
396141
395973
395805
395637
395469
395301
395133
394965
394796
394628
394459
394291
394122
393953
393785
393616
393447
393277
393108
392939
392770
392600
392431
392261
392091
391922
391752
391582
391412
391242
391071
390901
390731
390560
390390
390219
390049
389878
389707
389536
389365
389194
389023
388851
388680
388509
388337
388165
387994
387822
387650
387478
387306
387134
386962
386790
386617
386445
386272
386100
385927
385754
385582
385409
385236
385063
384889
384716
384543
384370
384196
384023
383849
383675
383501
383328
383154
382980
382806
382631
382457
382283
382108
381934
381759
381585
381410
381235
381060
380885
380710
380535
380360
380185
380010
379834
379659
379483
379307
379132
378956
378780
378604
378428
378252
378076
377900
377723
377547
377370
377194
377017
376841
376664
376487
376310
376133
375956
375779
375602
375424
375247
375069
374892
374714
374537
374359
374181
374003
373825
373647
373469
373291
373113
372934
372756
372578
372399
372220
372042
371863
371684
371505
371326
371147
370968
370789
370610
370430
370251
370072
369892
369712
369533
369353
369173
368993
368813
368633
368453
368273
368093
367912
367732
367552
367371
367191
367010
366829
366648
366468
366287
366106
365925
365743
365562
365381
365200
365018
364837
364655
364474
364292
364110
363928
363747
363565
363383
363201
363018
362836
362654
362472
362289
362107
361924
361742
361559
361376
361193
361011
360828
360645
360462
360278
360095
359912
359729
359545
359362
359178
358995
358811
358627
358444
358260
358076
357892
357708
357524
357340
357156
356971
356787
356603
356418
356234
356049
355864
355680
355495
355310
355125
354940
354755
354570
354385
354200
354015
353829
353644
353459
353273
353088
352902
352716
352530
352345
352159
351973
351787
351601
351415
351229
351042
350856
350670
350483
350297
350111
349924
349737
349551
349364
349177
348990
348803
348616
348429
348242
348055
347868
347681
347493
347306
347119
346931
346744
346556
346368
346181
345993
345805
345617
345429
345241
345053
344865
344677
344489
344301
344112
343924
343735
343547
343358
343170
342981
342793
342604
342415
342226
342037
341848
341659
341470
341281
341092
340903
340713
340524
340335
340145
339956
339766
339577
339387
339197
339008
338818
338628
338438
338248
338058
337868
337678
337488
337298
337107
336917
336727
336536
336346
336155
335965
335774
335583
335393
335202
335011
334820
334629
334439
334248
334056
333865
333674
333483
333292
333101
332909
332718
332526
332335
332143
331952
331760
331569
331377
331185
330993
330801
330609
330418
330226
330033
329841
329649
329457
329265
329073
328880
328688
328496
328303
328111
327918
327725
327533
327340
327147
326955
326762
326569
326376
326183
325990
325797
325604
325411
325218
325025
324831
324638
324445
324252
324058
323865
323671
323478
323284
323090
322897
322703
322509
322316
322122
321928
321734
321540
321346
321152
320958
320764
320570
320376
320181
319987
319793
319598
319404
319210
319015
318821
318626
318431
318237
318042
317847
317653
317458
317263
317068
316873
316678
316483
316288
316093
315898
315703
315508
315313
315118
314922
314727
314532
314336
314141
313946
313750
313555
313359
313163
312968
312772
312576
312381
312185
311989
311793
311597
311402
311206
311010
310814
310618
310422
310225
310029
309833
309637
309441
309244
309048
308852
308655
308459
308263
308066
307870
307673
307476
307280
307083
306887
306690
306493
306296
306100
305903
305706
305509
305312
305115
304918
304721
304524
304327
304130
303933
303736
303538
303341
303144
302947
302749
302552
302355
302157
301960
301762
301565
301368
301170
300972
300775
300577
300380
300182
299984
299786
299589
299391
299193
298995
298797
298600
298402
298204
298006
297808
297610
297412
297214
297015
296817
296619
296421
296223
296025
295826
295628
295430
295231
295033
294835
294636
294438
294239
294041
293843
293644
293445
293247
293048
292850
292651
292452
292254
292055
291856
291658
291459
291260
291061
290862
290664
290465
290266
290067
289868
289669
289470
289271
289072
288873
288674
288475
288276
288076
287877
287678
287479
287280
287081
286881
286682
286483
286283
286084
285885
285685
285486
285287
285087
284888
284688
284489
284289
284090
283890
283691
283491
283292
283092
282892
282693
282493
282294
282094
281894
281694
281495
281295
281095
280895
280696
280496
280296
280096
279896
279697
279497
279297
279097
278897
278697
278497
278297
278097
277897
277697
277497
277297
277097
276897
276697
276497
276297
276097
275896
275696
275496
275296
275096
274896
274695
274495
274295
274095
273895
273694
273494
273294
273093
272893
272693
272493
272292
272092
271892
271691
271491
271290
271090
270890
270689
270489
270288
270088
269887
269687
269487
269286
269086
268885
268685
268484
268284
268083
267883
267682
267481
267281
267080
266880
266679
266479
266278
266077
265877
265676
265476
265275
265074
264874
264673
264472
264272
264071
263871
263670
263469
263269
263068
262867
262666
262466
262265
262064
261864
261663
261462
261262
261061
260860
260659
260459
260258
260057
259856
259656
259455
259254
259053
258853
258652
258451
258250
258050
257849
257648
257447
257247
257046
256845
256644
256444
256243
256042
255841
255641
255440
255239
255038
254838
254637
254436
254235
254034
253834
253633
253432
253231
253031
252830
252629
252428
252228
252027
251826
251625
251425
251224
251023
250823
250622
250421
250220
250020
249819
249618
249417
249217
249016
248815
248615
248414
248213
248013
247812
247611
247411
247210
247009
246809
246608
246407
246207
246006
245805
245605
245404
245204
245003
244802
244602
244401
244201
244000
243800
243599
243399
243198
242997
242797
242596
242396
242195
241995
241794
241594
241394
241193
240993
240792
240592
240391
240191
239991
239790
239590
239389
239189
238989
238788
238588
238388
238187
237987
237787
237587
237386
237186
236986
236786
236585
236385
236185
235985
235785
235585
235384
235184
234984
234784
234584
234384
234184
233984
233784
233584
233384
233184
232984
232784
232584
232384
232184
231984
231784
231584
231384
231184
230985
230785
230585
230385
230185
229986
229786
229586
229386
229187
228987
228787
228588
228388
228189
227989
227789
227590
227390
227191
226991
226792
226592
226393
226193
225994
225794
225595
225396
225196
224997
224798
224598
224399
224200
224001
223801
223602
223403
223204
223005
222806
222607
222407
222208
222009
221810
221611
221412
221213
221015
220816
220617
220418
220219
220020
219821
219623
219424
219225
219026
218828
218629
218430
218232
218033
217835
217636
217438
217239
217041
216842
216644
216445
216247
216049
215850
215652
215454
215255
215057
214859
214661
214463
214264
214066
213868
213670
213472
213274
213076
212878
212680
212482
212284
212087
211889
211691
211493
211295
211098
210900
210702
210505
210307
210110
209912
209715
209517
209320
209122
208925
208727
208530
208333
208135
207938
207741
207544
207347
207149
206952
206755
206558
206361
206164
205967
205770
205573
205376
205180
204983
204786
204589
204393
204196
203999
203803
203606
203410
203213
203017
202820
202624
202427
202231
202035
201838
201642
201446
201250
201053
200857
200661
200465
200269
200073
199877
199681
199485
199290
199094
198898
198702
198506
198311
198115
197920
197724
197528
197333
197138
196942
196747
196551
196356
196161
195965
195770
195575
195380
195185
194990
194795
194600
194405
194210
194015
193820
193625
193431
193236
193041
192847
192652
192457
192263
192068
191874
191680
191485
191291
191097
190902
190708
190514
190320
190126
189932
189738
189544
189350
189156
188962
188768
188575
188381
188187
187994
187800
187606
187413
187219
187026
186833
186639
186446
186253
186059
185866
185673
185480
185287
185094
184901
184708
184515
184322
184130
183937
183744
183552
183359
183166
182974
182781
182589
182397
182204
182012
181820
181628
181435
181243
181051
180859
180667
180475
180283
180092
179900
179708
179516
179325
179133
178942
178750
178559
178367
178176
177985
177793
177602
177411
177220
177029
176838
176647
176456
176265
176074
175883
175693
175502
175311
175121
174930
174740
174549
174359
174169
173978
173788
173598
173408
173218
173028
172838
172648
172458
172268
172078
171889
171699
171509
171320
171130
170941
170751
170562
170373
170183
169994
169805
169616
169427
169238
169049
168860
168671
168483
168294
168105
167917
167728
167540
167351
167163
166974
166786
166598
166410
166222
166033
165845
165658
165470
165282
165094
164906
164719
164531
164343
164156
163968
163781
163594
163406
163219
163032
162845
162658
162471
162284
162097
161910
161723
161537
161350
161164
160977
160791
160604
160418
160231
160045
159859
159673
159487
159301
159115
158929
158743
158557
158372
158186
158000
157815
157630
157444
157259
157073
156888
156703
156518
156333
156148
155963
155778
155593
155409
155224
155039
154855
154670
154486
154302
154117
153933
153749
153565
153381
153197
153013
152829
152645
152461
152278
152094
151911
151727
151544
151360
151177
150994
150811
150628
150445
150262
150079
149896
149713
149531
149348
149165
148983
148800
148618
148436
148253
148071
147889
147707
147525
147343
147161
146980
146798
146616
146435
146253
146072
145890
145709
145528
145347
145166
144985
144804
144623
144442
144261
144081
143900
143719
143539
143359
143178
142998
142818
142638
142458
142278
142098
141918
141738
141558
141379
141199
141020
140840
140661
140481
140302
140123
139944
139765
139586
139407
139228
139050
138871
138693
138514
138336
138157
137979
137801
137623
137445
137267
137089
136911
136733
136555
136378
136200
136023
135845
135668
135491
135313
135136
134959
134782
134605
134429
134252
134075
133899
133722
133546
133369
133193
133017
132841
132665
132489
132313
132137
131961
131786
131610
131434
131259
131084
130908
130733
130558
130383
130208
130033
129858
129683
129509
129334
129160
128985
128811
128636
128462
128288
128114
127940
127766
127592
127419
127245
127071
126898
126725
126551
126378
126205
126032
125859
125686
125513
125340
125167
124995
124822
124650
124477
124305
124133
123961
123789
123617
123445
123273
123101
122930
122758
122587
122415
122244
122073
121901
121730
121559
121388
121218
121047
120876
120706
120535
120365
120194
120024
119854
119684
119514
119344
119174
119005
118835
118665
118496
118326
118157
117988
117819
117650
117481
117312
117143
116974
116806
116637
116469
116300
116132
115964
115796
115628
115460
115292
115124
114956
114789
114621
114454
114287
114119
113952
113785
113618
113451
113284
113118
112951
112784
112618
112452
112285
112119
111953
111787
111621
111455
111289
111124
110958
110793
110627
110462
110297
110132
109967
109802
109637
109472
109307
109143
108978
108814
108650
108485
108321
108157
107993
107829
107666
107502
107338
107175
107011
106848
106685
106522
106359
106196
106033
105870
105708
105545
105382
105220
105058
104896
104733
104571
104410
104248
104086
103924
103763
103601
103440
103279
103118
102956
102795
102635
102474
102313
102152
101992
101832
101671
101511
101351
101191
101031
100871
100711
100552
100392
100233
100073
99914
99755
99596
99437
99278
99119
98960
98802
98643
98485
98326
98168
98010
97852
97694
97536
97379
97221
97063
96906
96749
96591
96434
96277
96120
95963
95807
95650
95494
95337
95181
95024
94868
94712
94556
94400
94245
94089
93933
93778
93623
93467
93312
93157
93002
92847
92693
92538
92383
92229
92075
91920
91766
91612
91458
91304
91151
90997
90843
90690
90537
90383
90230
90077
89924
89771
89619
89466
89314
89161
89009
88857
88704
88552
88401
88249
88097
87945
87794
87643
87491
87340
87189
87038
86887
86736
86586
86435
86285
86134
85984
85834
85684
85534
85384
85235
85085
84935
84786
84637
84487
84338
84189
84041
83892
83743
83595
83446
83298
83149
83001
82853
82705
82558
82410
82262
82115
81967
81820
81673
81526
81379
81232
81085
80939
80792
80646
80499
80353
80207
80061
79915
79770
79624
79478
79333
79188
79042
78897
78752
78607
78462
78318
78173
78029
77884
77740
77596
77452
77308
77164
77021
76877
76734
76590
76447
76304
76161
76018
75875
75732
75590
75447
75305
75163
75020
74878
74737
74595
74453
74311
74170
74029
73887
73746
73605
73464
73323
73183
73042
72902
72761
72621
72481
72341
72201
72061
71922
71782
71643
71503
71364
71225
71086
70947
70808
70670
70531
70393
70254
70116
69978
69840
69702
69565
69427
69290
69152
69015
68878
68741
68604
68467
68330
68194
68057
67921
67785
67648
67512
67377
67241
67105
66970
66834
66699
66564
66429
66294
66159
66024
65889
65755
65621
65486
65352
65218
65084
64951
64817
64683
64550
64417
64283
64150
64017
63884
63752
63619
63487
63354
63222
63090
62958
62826
62694
62563
62431
62300
62168
62037
61906
61775
61644
61514
61383
61253
61122
60992
60862
60732
60602
60472
60343
60213
60084
59955
59825
59696
59568
59439
59310
59182
59053
58925
58797
58669
58541
58413
58285
58158
58030
57903
57776
57649
57522
57395
57268
57142
57015
56889
56763
56637
56511
56385
56259
56133
56008
55883
55757
55632
55507
55382
55258
55133
55009
54884
54760
54636
54512
54388
54264
54141
54017
53894
53770
53647
53524
53401
53279
53156
53034
52911
52789
52667
52545
52423
52301
52180
52058
51937
51815
51694
51573
51452
51332
51211
51091
50970
50850
50730
50610
50490
50370
50251
50131
50012
49893
49773
49654
49536
49417
49298
49180
49062
48943
48825
48707
48589
48472
48354
48237
48119
48002
47885
47768
47651
47535
47418
47302
47185
47069
46953
46837
46722
46606
46490
46375
46260
46145
46030
45915
45800
45685
45571
45457
45342
45228
45114
45000
44887
44773
44660
44546
44433
44320
44207
44094
43982
43869
43757
43645
43532
43420
43309
43197
43085
42974
42862
42751
42640
42529
42418
42308
42197
42087
41976
41866
41756
41646
41536
41427
41317
41208
41099
40989
40880
40772
40663
40554
40446
40338
40229
40121
40013
39906
39798
39690
39583
39476
39369
39262
39155
39048
38942
38835
38729
38623
38517
38411
38305
38199
38094
37988
37883
37778
37673
37568
37463
37359
37254
37150
37046
36942
36838
36734
36631
36527
36424
36320
36217
36114
36012
35909
35806
35704
35602
35500
35398
35296
35194
35092
34991
34890
34788
34687
34586
34486
34385
34284
34184
34084
33984
33884
33784
33684
33585
33485
33386
33287
33188
33089
32990
32892
32793
32695
32597
32499
32401
32303
32205
32108
32011
31913
31816
31719
31623
31526
31429
31333
31237
31141
31045
30949
30853
30758
30662
30567
30472
30377
30282
30187
30093
29998
29904
29810
29716
29622
29528
29434
29341
29248
29154
29061
28968
28876
28783
28691
28598
28506
28414
28322
28230
28139
28047
27956
27865
27773
27682
27592
27501
27410
27320
27230
27140
27050
26960
26870
26781
26691
26602
26513
26424
26335
26247
26158
26070
25981
25893
25805
25717
25630
25542
25455
25367
25280
25193
25106
25020
24933
24847
24761
24674
24588
24503
24417
24331
24246
24161
24075
23990
23906
23821
23736
23652
23568
23484
23400
23316
23232
23148
23065
22982
22899
22816
22733
22650
22567
22485
22403
22321
22239
22157
22075
21994
21912
21831
21750
21669
21588
21507
21427
21346
21266
21186
21106
21026
20947
20867
20788
20708
20629
20550
20472
20393
20314
20236
20158
20080
20002
19924
19846
19769
19692
19614
19537
19460
19384
19307
19231
19154
19078
19002
18926
18850
18775
18699
18624
18549
18474
18399
18324
18250
18175
18101
18027
17953
17879
17805
17732
17658
17585
17512
17439
17366
17294
17221
17149
17076
17004
16932
16861
16789
16718
16646
16575
16504
16433
16362
16292
16221
16151
16081
16011
15941
15871
15802
15732
15663
15594
15525
15456
15387
15319
15250
15182
15114
15046
14978
14911
14843
14776
14709
14642
14575
14508
14441
14375
14309
14242
14176
14111
14045
13979
13914
13849
13783
13719
13654
13589
13525
13460
13396
13332
13268
13204
13141
13077
13014
12951
12888
12825
12762
12699
12637
12575
12513
12451
12389
12327
12266
12204
12143
12082
12021
11960
11900
11839
11779
11719
11659
11599
11539
11479
11420
11361
11302
11243
11184
11125
11067
11008
10950
10892
10834
10776
10719
10661
10604
10547
10490
10433
10376
10320
10263
10207
10151
10095
10039
9984
9928
9873
9818
9763
9708
9653
9598
9544
9490
9436
9382
9328
9274
9221
9167
9114
9061
9008
8955
8903
8850
8798
8746
8694
8642
8590
8539
8487
8436
8385
8334
8283
8233
8182
8132
8082
8032
7982
7932
7883
7833
7784
7735
7686
7637
7589
7540
7492
7444
7396
7348
7300
7252
7205
7158
7111
7064
7017
6970
6924
6877
6831
6785
6739
6694
6648
6603
6557
6512
6467
6423
6378
6333
6289
6245
6201
6157
6113
6070
6026
5983
5940
5897
5854
5811
5769
5727
5684
5642
5601
5559
5517
5476
5435
5394
5353
5312
5271
5231
5190
5150
5110
5070
5031
4991
4952
4912
4873
4834
4796
4757
4718
4680
4642
4604
4566
4528
4491
4453
4416
4379
4342
4305
4269
4232
4196
4160
4124
4088
4052
4017
3981
3946
3911
3876
3841
3807
3772
3738
3704
3670
3636
3603
3569
3536
3502
3469
3437
3404
3371
3339
3307
3274
3242
3211
3179
3148
3116
3085
3054
3023
2992
2962
2931
2901
2871
2841
2811
2782
2752
2723
2694
2665
2636
2607
2579
2550
2522
2494
2466
2439
2411
2384
2356
2329
2302
2275
2249
2222
2196
2170
2144
2118
2092
2067
2041
2016
1991
1966
1941
1916
1892
1868
1844
1820
1796
1772
1749
1725
1702
1679
1656
1633
1611
1588
1566
1544
1522
1500
1479
1457
1436
1415
1394
1373
1352
1331
1311
1291
1271
1251
1231
1211
1192
1173
1154
1135
1116
1097
1079
1060
1042
1024
1006
988
971
953
936
919
902
885
869
852
836
820
804
788
772
757
742
726
711
696
682
667
653
638
624
610
597
583
569
556
543
530
517
504
492
480
467
455
443
432
420
409
397
386
375
365
354
343
333
323
313
303
293
284
274
265
256
247
238
230
221
213
205
197
189
182
174
167
160
153
146
139
133
126
120
114
108
102
97
91
86
81
76
71
66
62
57
53
49
45
42
38
35
32
28
26
23
20
18
15
13
11
10
8
6
5
4
3
2
1
1
0
0
0
