0.000000
0.000049
0.000198
0.000445
0.000791
0.001236
0.001780
0.002423
0.003164
0.004004
0.004943
0.005981
0.007117
0.008352
0.009685
0.011117
0.012648
0.014277
0.016004
0.017829
0.019753
0.021774
0.023894
0.026112
0.028427
0.030841
0.033352
0.035960
0.038666
0.041470
0.044370
0.047368
0.050463
0.053655
0.056943
0.060328
0.063810
0.067388
0.071062
0.074832
0.078699
0.082661
0.086718
0.090871
0.095120
0.099463
0.103902
0.108435
0.113063
0.117785
0.122602
0.127512
0.132517
0.137615
0.142806
0.148091
0.153469
0.158940
0.164503
0.170158
0.175906
0.181746
0.187677
0.193700
0.199814
0.206020
0.212315
0.218702
0.225178
0.231745
0.238401
0.245147
0.251982
0.258906
0.265918
0.273019
0.280208
0.287485
0.294849
0.302301
0.309840
0.317465
0.325176
0.332974
0.340857
0.348826
0.356879
0.365018
0.373241
0.381548
0.389939
0.398413
0.406971
0.415611
0.424334
0.433139
0.442025
0.450993
0.460042
0.469172
0.478382
0.487672
0.497042
0.506491
0.516019
0.525625
0.535309
0.545071
0.554911
0.564827
0.574820
0.584889
0.595034
0.605254
0.615549
0.625919
0.636362
0.646880
0.657471
0.668134
0.678871
0.689679
0.700559
0.711510
0.722531
0.733623
0.744785
0.756017
0.767317
0.778686
0.790123
0.801627
0.813199
0.824838
0.836543
0.848313
0.860149
0.872050
0.884015
0.896044
0.908137
0.920292
0.932510
0.944790
0.957132
0.969535
0.981998
0.994521
1.007104
1.019745
1.032446
1.045204
1.058020
1.070893
1.083822
1.096808
1.109849
1.122945
1.136096
1.149300
1.162558
1.175869
1.189232
1.202647
1.216113
1.229630
1.243198
1.256815
1.270481
1.284196
1.297959
1.311769
1.325627
1.339531
1.353481
1.367476
1.381516
1.395601
1.409729
1.423900
1.438113
1.452369
1.466666
1.481004
1.495383
1.509801
1.524258
1.538754
1.553288
1.567859
1.582467
1.597111
1.611792
1.626507
1.641257
1.656041
1.670858
1.685708
1.700590
1.715504
1.730449
1.745424
1.760429
1.775464
1.790527
1.805618
1.820737
1.835882
1.851054
1.866252
1.881474
1.896721
1.911992
1.927286
1.942603
1.957942
1.973302
1.988683
2.004084
2.019505
2.034945
2.050403
2.065880
2.081373
2.096883
2.112409
2.127950
2.143505
2.159075
2.174659
2.190255
2.205864
2.221484
2.237115
2.252757
2.268408
2.284069
2.299738
2.315415
2.331099
2.346790
2.362487
2.378190
2.393897
2.409609
2.425324
2.441042
2.456762
2.472484
2.488207
2.503931
2.519654
2.535377
2.551098
2.566818
2.582534
2.598248
2.613957
2.629662
2.645362
2.661056
2.676744
2.692425
2.708098
2.723763
2.739419
2.755065
2.770702
2.786328
2.801942
2.817545
2.833134
2.848711
2.864274
2.879823
2.895356
2.910874
2.926376
2.941861
2.957328
2.972777
2.988208
3.003619
3.019010
3.034381
3.049731
3.065058
3.080364
3.095646
3.110905
3.126140
3.141350
3.156535
3.171694
3.186826
3.201931
3.217008
3.232057
3.247077
3.262067
3.277027
3.291957
3.306855
3.321721
3.336555
3.351355
3.366122
3.380855
3.395553
3.410215
3.424842
3.439431
3.453984
3.468499
3.482976
3.497413
3.511812
3.526170
3.540488
3.554764
3.568999
3.583191
3.597341
3.611447
3.625509
3.639527
3.653500
3.667427
3.681308
3.695142
3.708929
3.722668
3.736358
3.750000
3.763592
3.777135
3.790626
3.804067
3.817456
3.830793
3.844078
3.857309
3.870487
3.883610
3.896678
3.909692
3.922649
3.935551
3.948395
3.961182
3.973912
3.986583
3.999195
4.011748
4.024241
4.036674
4.049047
4.061357
4.073606
4.085793
4.097917
4.109978
4.121976
4.133909
4.145777
4.157580
4.169318
4.180990
4.192595
4.204133
4.215604
4.227007
4.238342
4.249608
4.260804
4.271931
4.282988
4.293975
4.304890
4.315734
4.326507
4.337207
4.347834
4.358388
4.368869
4.379276
4.389608
4.399866
4.410048
4.420155
4.430186
4.440141
4.450019
4.459820
4.469543
4.479188
4.488755
4.498244
4.507653
4.516983
4.526233
4.535403
4.544492
4.553501
4.562428
4.571274
4.580038
4.588720
4.597318
4.605834
4.614267
4.622616
4.630881
4.639062
4.647158
4.655169
4.663095
4.670936
4.678690
4.686359
4.693941
4.701436
4.708844
4.716164
4.723397
4.730542
4.737599
4.744567
4.751447
4.758237
4.764938
4.771550
4.778071
4.784503
4.790844
4.797094
4.803254
4.809323
4.815300
4.821185
4.826979
4.832681
4.838290
4.843807
4.849232
4.854563
4.859801
4.864946
4.869997
4.874955
4.879818
4.884588
4.889263
4.893843
4.898329
4.902720
4.907016
4.911217
4.915323
4.919332
4.923247
4.927065
4.930787
4.934413
4.937943
4.941376
4.944713
4.947953
4.951097
4.954143
4.957092
4.959944
4.962699
4.965356
4.967916
4.970378
4.972743
4.975009
4.977178
4.979249
4.981221
4.983096
4.984872
4.986550
4.988130
4.989611
4.990994
4.992278
4.993464
4.994550
4.995539
4.996428
4.997219
4.997911
4.998504
4.998999
4.999394
4.999691
4.999889
4.999988
4.999988
4.999889
4.999691
4.999394
4.998999
4.998504
4.997911
4.997219
4.996428
4.995539
4.994550
4.993464
4.992278
4.990994
4.989611
4.988130
4.986550
4.984872
4.983096
4.981221
4.979249
4.977178
4.975009
4.972743
4.970378
4.967916
4.965356
4.962699
4.959944
4.957092
4.954143
4.951097
4.947953
4.944713
4.941376
4.937943
4.934413
4.930787
4.927065
4.923247
4.919332
4.915323
4.911217
4.907016
4.902720
4.898329
4.893843
4.889263
4.884588
4.879818
4.874955
4.869997
4.864946
4.859801
4.854563
4.849232
4.843807
4.838290
4.832681
4.826979
4.821185
4.815300
4.809323
4.803254
4.797094
4.790844
4.784503
4.778071
4.771550
4.764938
4.758237
4.751447
4.744567
4.737599
4.730542
4.723397
4.716164
4.708844
4.701436
4.693941
4.686359
4.678690
4.670936
4.663095
4.655169
4.647158
4.639062
4.630881
4.622616
4.614267
4.605834
4.597318
4.588720
4.580038
4.571274
4.562428
4.553501
4.544492
4.535403
4.526233
4.516983
4.507653
4.498244
4.488755
4.479188
4.469543
4.459820
4.450019
4.440141
4.430186
4.420155
4.410048
4.399866
4.389608
4.379276
4.368869
4.358388
4.347834
4.337207
4.326507
4.315734
4.304890
4.293975
4.282988
4.271931
4.260804
4.249608
4.238342
4.227007
4.215604
4.204133
4.192595
4.180990
4.169318
4.157580
4.145777
4.133909
4.121976
4.109978
4.097917
4.085793
4.073606
4.061357
4.049047
4.036674
4.024241
4.011748
3.999195
3.986583
3.973912
3.961182
3.948395
3.935551
3.922649
3.909692
3.896678
3.883610
3.870487
3.857309
3.844078
3.830793
3.817456
3.804067
3.790626
3.777135
3.763592
3.750000
3.736358
3.722668
3.708929
3.695142
3.681308
3.667427
3.653500
3.639527
3.625509
3.611447
3.597341
3.583191
3.568999
3.554764
3.540488
3.526170
3.511812
3.497413
3.482976
3.468499
3.453984
3.439431
3.424842
3.410215
3.395553
3.380855
3.366122
3.351355
3.336555
3.321721
3.306855
3.291957
3.277027
3.262067
3.247077
3.232057
3.217008
3.201931
3.186826
3.171694
3.156535
3.141350
3.126140
3.110905
3.095646
3.080364
3.065058
3.049731
3.034381
3.019010
3.003619
2.988208
2.972777
2.957328
2.941861
2.926376
2.910874
2.895356
2.879823
2.864274
2.848711
2.833134
2.817545
2.801942
2.786328
2.770702
2.755065
2.739419
2.723763
2.708098
2.692425
2.676744
2.661056
2.645362
2.629662
2.613957
2.598248
2.582534
2.566818
2.551098
2.535377
2.519654
2.503931
2.488207
2.472484
2.456762
2.441042
2.425324
2.409609
2.393897
2.378190
2.362487
2.346790
2.331099
2.315415
2.299738
2.284069
2.268408
2.252757
2.237115
2.221484
2.205864
2.190255
2.174659
2.159075
2.143505
2.127950
2.112409
2.096883
2.081373
2.065880
2.050403
2.034945
2.019505
2.004084
1.988683
1.973302
1.957942
1.942603
1.927286
1.911992
1.896721
1.881474
1.866252
1.851054
1.835882
1.820737
1.805618
1.790527
1.775464
1.760429
1.745424
1.730449
1.715504
1.700590
1.685708
1.670858
1.656041
1.641257
1.626507
1.611792
1.597111
1.582467
1.567859
1.553288
1.538754
1.524258
1.509801
1.495383
1.481004
1.466666
1.452369
1.438113
1.423900
1.409729
1.395601
1.381516
1.367476
1.353481
1.339531
1.325627
1.311769
1.297959
1.284196
1.270481
1.256815
1.243198
1.229630
1.216113
1.202647
1.189232
1.175869
1.162558
1.149300
1.136096
1.122945
1.109849
1.096808
1.083822
1.070893
1.058020
1.045204
1.032446
1.019745
1.007104
0.994521
0.981998
0.969535
0.957132
0.944790
0.932510
0.920292
0.908137
0.896044
0.884015
0.872050
0.860149
0.848313
0.836543
0.824838
0.813199
0.801627
0.790123
0.778686
0.767317
0.756017
0.744785
0.733623
0.722531
0.711510
0.700559
0.689679
0.678871
0.668134
0.657471
0.646880
0.636362
0.625919
0.615549
0.605254
0.595034
0.584889
0.574820
0.564827
0.554911
0.545071
0.535309
0.525625
0.516019
0.506491
0.497042
0.487672
0.478382
0.469172
0.460042
0.450993
0.442025
0.433139
0.424334
0.415611
0.406971
0.398413
0.389939
0.381548
0.373241
0.365018
0.356879
0.348826
0.340857
0.332974
0.325176
0.317465
0.309840
0.302301
0.294849
0.287485
0.280208
0.273019
0.265918
0.258906
0.251982
0.245147
0.238401
0.231745
0.225178
0.218702
0.212315
0.206020
0.199814
0.193700
0.187677
0.181746
0.175906
0.170158
0.164503
0.158940
0.153469
0.148091
0.142806
0.137615
0.132517
0.127512
0.122602
0.117785
0.113063
0.108435
0.103902
0.099463
0.095120
0.090871
0.086718
0.082661
0.078699
0.074832
0.071062
0.067388
0.063810
0.060328
0.056943
0.053655
0.050463
0.047368
0.044370
0.041470
0.038666
0.035960
0.033352
0.030841
0.028427
0.026112
0.023894
0.021774
0.019753
0.017829
0.016004
0.014277
0.012648
0.011117
0.009685
0.008352
0.007117
0.005981
0.004943
0.004004
0.003164
0.002423
0.001780
0.001236
0.000791
0.000445
0.000198
0.000049
0.000000
