0.000000
0.000000
0.000001
0.000001
0.000002
0.000004
0.000006
0.000008
0.000010
0.000012
0.000015
0.000019
0.000022
0.000026
0.000030
0.000035
0.000039
0.000045
0.000050
0.000056
0.000062
0.000068
0.000075
0.000082
0.000089
0.000096
0.000104
0.000112
0.000121
0.000130
0.000139
0.000148
0.000158
0.000168
0.000178
0.000189
0.000200
0.000211
0.000223
0.000235
0.000247
0.000259
0.000272
0.000285
0.000299
0.000312
0.000326
0.000341
0.000355
0.000370
0.000386
0.000401
0.000417
0.000433
0.000450
0.000467
0.000484
0.000501
0.000519
0.000537
0.000555
0.000574
0.000593
0.000612
0.000632
0.000652
0.000672
0.000692
0.000713
0.000734
0.000756
0.000777
0.000799
0.000822
0.000844
0.000867
0.000891
0.000914
0.000938
0.000962
0.000987
0.001012
0.001037
0.001062
0.001088
0.001114
0.001140
0.001167
0.001194
0.001221
0.001249
0.001277
0.001305
0.001334
0.001362
0.001391
0.001421
0.001451
0.001481
0.001511
0.001542
0.001573
0.001604
0.001636
0.001667
0.001700
0.001732
0.001765
0.001798
0.001832
0.001865
0.001899
0.001934
0.001968
0.002003
0.002039
0.002074
0.002110
0.002146
0.002183
0.002220
0.002257
0.002294
0.002332
0.002370
0.002408
0.002447
0.002486
0.002525
0.002565
0.002605
0.002645
0.002685
0.002726
0.002767
0.002809
0.002850
0.002892
0.002935
0.002977
0.003020
0.003064
0.003107
0.003151
0.003195
0.003240
0.003284
0.003330
0.003375
0.003421
0.003467
0.003513
0.003560
0.003607
0.003654
0.003701
0.003749
0.003797
0.003846
0.003895
0.003944
0.003993
0.004043
0.004093
0.004143
0.004194
0.004245
0.004296
0.004347
0.004399
0.004451
0.004504
0.004556
0.004609
0.004663
0.004717
0.004770
0.004825
0.004879
0.004934
0.004989
0.005045
0.005101
0.005157
0.005213
0.005270
0.005327
0.005384
0.005442
0.005500
0.005558
0.005617
0.005676
0.005735
0.005794
0.005854
0.005914
0.005974
0.006035
0.006096
0.006157
0.006219
0.006281
0.006343
0.006406
0.006468
0.006532
0.006595
0.006659
0.006723
0.006787
0.006852
0.006917
0.006982
0.007047
0.007113
0.007179
0.007246
0.007313
0.007380
0.007447
0.007515
0.007583
0.007651
0.007720
0.007789
0.007858
0.007927
0.007997
0.008067
0.008138
0.008208
0.008279
0.008351
0.008422
0.008494
0.008567
0.008639
0.008712
0.008785
0.008859
0.008932
0.009006
0.009081
0.009155
0.009230
0.009306
0.009381
0.009457
0.009533
0.009610
0.009687
0.009764
0.009841
0.009919
0.009997
0.010075
0.010154
0.010232
0.010312
0.010391
0.010471
0.010551
0.010632
0.010712
0.010793
0.010875
0.010956
0.011038
0.011120
0.011203
0.011286
0.011369
0.011452
0.011536
0.011620
0.011704
0.011789
0.011874
0.011959
0.012045
0.012130
0.012217
0.012303
0.012390
0.012477
0.012564
0.012652
0.012740
0.012828
0.012917
0.013005
0.013095
0.013184
0.013274
0.013364
0.013454
0.013545
0.013636
0.013727
0.013818
0.013910
0.014002
0.014095
0.014188
0.014281
0.014374
0.014468
0.014562
0.014656
0.014750
0.014845
0.014940
0.015036
0.015132
0.015228
0.015324
0.015421
0.015518
0.015615
0.015712
0.015810
0.015908
0.016007
0.016105
0.016204
0.016304
0.016403
0.016503
0.016604
0.016704
0.016805
0.016906
0.017007
0.017109
0.017211
0.017313
0.017416
0.017519
0.017622
0.017726
0.017829
0.017934
0.018038
0.018143
0.018248
0.018353
0.018459
0.018564
0.018671
0.018777
0.018884
0.018991
0.019098
0.019206
0.019314
0.019422
0.019531
0.019640
0.019749
0.019858
0.019968
0.020078
0.020188
0.020299
0.020410
0.020521
0.020632
0.020744
0.020856
0.020969
0.021081
0.021194
0.021308
0.021421
0.021535
0.021649
0.021764
0.021879
0.021994
0.022109
0.022225
0.022341
0.022457
0.022573
0.022690
0.022807
0.022925
0.023042
0.023160
0.023279
0.023397
0.023516
0.023635
0.023755
0.023875
0.023995
0.024115
0.024236
0.024357
0.024478
0.024599
0.024721
0.024843
0.024966
0.025088
0.025211
0.025335
0.025458
0.025582
0.025706
0.025831
0.025955
0.026081
0.026206
0.026331
0.026457
0.026584
0.026710
0.026837
0.026964
0.027091
0.027219
0.027347
0.027475
0.027604
0.027733
0.027862
0.027991
0.028121
0.028251
0.028381
0.028512
0.028643
0.028774
0.028905
0.029037
0.029169
0.029301
0.029434
0.029567
0.029700
0.029834
0.029967
0.030101
0.030236
0.030370
0.030505
0.030641
0.030776
0.030912
0.031048
0.031184
0.031321
0.031458
0.031595
0.031733
0.031871
0.032009
0.032147
0.032286
0.032425
0.032564
0.032704
0.032844
0.032984
0.033124
0.033265
0.033406
0.033547
0.033689
0.033831
0.033973
0.034115
0.034258
0.034401
0.034544
0.034688
0.034832
0.034976
0.035120
0.035265
0.035410
0.035556
0.035701
0.035847
0.035993
0.036140
0.036286
0.036433
0.036581
0.036728
0.036876
0.037024
0.037173
0.037322
0.037471
0.037620
0.037770
0.037919
0.038070
0.038220
0.038371
0.038522
0.038673
0.038825
0.038977
0.039129
0.039281
0.039434
0.039587
0.039740
0.039894
0.040048
0.040202
0.040356
0.040511
0.040666
0.040821
0.040977
0.041133
0.041289
0.041445
0.041602
0.041759
0.041916
0.042074
0.042232
0.042390
0.042548
0.042707
0.042866
0.043025
0.043185
0.043344
0.043505
0.043665
0.043826
0.043987
0.044148
0.044309
0.044471
0.044633
0.044795
0.044958
0.045121
0.045284
0.045448
0.045611
0.045775
0.045940
0.046104
0.046269
0.046434
0.046600
0.046765
0.046931
0.047098
0.047264
0.047431
0.047598
0.047766
0.047933
0.048101
0.048269
0.048438
0.048607
0.048776
0.048945
0.049115
0.049285
0.049455
0.049625
0.049796
0.049967
0.050138
0.050310
0.050482
0.050654
0.050826
0.050999
0.051172
0.051345
0.051518
0.051692
0.051866
0.052041
0.052215
0.052390
0.052565
0.052741
0.052916
0.053092
0.053269
0.053445
0.053622
0.053799
0.053976
0.054154
0.054332
0.054510
0.054689
0.054867
0.055046
0.055226
0.055405
0.055585
0.055765
0.055945
0.056126
0.056307
0.056488
0.056670
0.056852
0.057034
0.057216
0.057398
0.057581
0.057764
0.057948
0.058131
0.058315
0.058500
0.058684
0.058869
0.059054
0.059239
0.059425
0.059611
0.059797
0.059983
0.060170
0.060357
0.060544
0.060731
0.060919
0.061107
0.061295
0.061484
0.061673
0.061862
0.062051
0.062241
0.062431
0.062621
0.062811
0.063002
0.063193
0.063384
0.063576
0.063768
0.063960
0.064152
0.064345
0.064537
0.064731
0.064924
0.065118
0.065312
0.065506
0.065700
0.065895
0.066090
0.066285
0.066481
0.066677
0.066873
0.067069
0.067266
0.067463
0.067660
0.067857
0.068055
0.068253
0.068451
0.068650
0.068848
0.069047
0.069247
0.069446
0.069646
0.069846
0.070046
0.070247
0.070448
0.070649
0.070850
0.071052
0.071254
0.071456
0.071659
0.071861
0.072064
0.072268
0.072471
0.072675
0.072879
0.073083
0.073288
0.073493
0.073698
0.073903
0.074109
0.074315
0.074521
0.074727
0.074934
0.075141
0.075348
0.075556
0.075763
0.075971
0.076180
0.076388
0.076597
0.076806
0.077015
0.077225
0.077435
0.077645
0.077855
0.078066
0.078276
0.078488
0.078699
0.078911
0.079122
0.079335
0.079547
0.079760
0.079973
0.080186
0.080399
0.080613
0.080827
0.081041
0.081256
0.081470
0.081685
0.081901
0.082116
0.082332
0.082548
0.082764
0.082981
0.083198
0.083415
0.083632
0.083850
0.084068
0.084286
0.084504
0.084723
0.084941
0.085161
0.085380
0.085600
0.085819
0.086040
0.086260
0.086481
0.086702
0.086923
0.087144
0.087366
0.087588
0.087810
0.088032
0.088255
0.088478
0.088701
0.088925
0.089148
0.089372
0.089597
0.089821
0.090046
0.090271
0.090496
0.090721
0.090947
0.091173
0.091399
0.091626
0.091853
0.092080
0.092307
0.092534
0.092762
0.092990
0.093218
0.093447
0.093676
0.093905
0.094134
0.094363
0.094593
0.094823
0.095053
0.095284
0.095515
0.095746
0.095977
0.096208
0.096440
0.096672
0.096904
0.097137
0.097370
0.097603
0.097836
0.098069
0.098303
0.098537
0.098771
0.099006
0.099240
0.099475
0.099711
0.099946
0.100182
0.100418
0.100654
0.100890
0.101127
0.101364
0.101601
0.101839
0.102076
0.102314
0.102553
0.102791
0.103030
0.103269
0.103508
0.103747
0.103987
0.104227
0.104467
0.104707
0.104948
0.105189
0.105430
0.105671
0.105913
0.106155
0.106397
0.106639
0.106882
0.107124
0.107367
0.107611
0.107854
0.108098
0.108342
0.108586
0.108831
0.109076
0.109320
0.109566
0.109811
0.110057
0.110303
0.110549
0.110795
0.111042
0.111289
0.111536
0.111784
0.112031
0.112279
0.112527
0.112776
0.113024
0.113273
0.113522
0.113771
0.114021
0.114271
0.114521
0.114771
0.115021
0.115272
0.115523
0.115774
0.116026
0.116277
0.116529
0.116781
0.117034
0.117287
0.117539
0.117792
0.118046
0.118299
0.118553
0.118807
0.119061
0.119316
0.119571
0.119826
0.120081
0.120336
0.120592
0.120848
0.121104
0.121361
0.121617
0.121874
0.122131
0.122388
0.122646
0.122904
0.123162
0.123420
0.123678
0.123937
0.124196
0.124455
0.124715
0.124974
0.125234
0.125494
0.125755
0.126015
0.126276
0.126537
0.126798
0.127060
0.127321
0.127583
0.127846
0.128108
0.128371
0.128634
0.128897
0.129160
0.129423
0.129687
0.129951
0.130216
0.130480
0.130745
0.131010
0.131275
0.131540
0.131806
0.132072
0.132338
0.132604
0.132870
0.133137
0.133404
0.133671
0.133939
0.134206
0.134474
0.134742
0.135011
0.135279
0.135548
0.135817
0.136086
0.136356
0.136625
0.136895
0.137165
0.137436
0.137706
0.137977
0.138248
0.138519
0.138791
0.139062
0.139334
0.139606
0.139879
0.140151
0.140424
0.140697
0.140970
0.141244
0.141517
0.141791
0.142065
0.142340
0.142614
0.142889
0.143164
0.143439
0.143715
0.143991
0.144266
0.144542
0.144819
0.145095
0.145372
0.145649
0.145926
0.146204
0.146481
0.146759
0.147037
0.147316
0.147594
0.147873
0.148152
0.148431
0.148710
0.148990
0.149270
0.149550
0.149830
0.150110
0.150391
0.150672
0.150953
0.151234
0.151516
0.151798
0.152080
0.152362
0.152644
0.152927
0.153210
0.153493
0.153776
0.154059
0.154343
0.154627
0.154911
0.155195
0.155480
0.155765
0.156050
0.156335
0.156620
0.156906
0.157191
0.157477
0.157764
0.158050
0.158337
0.158624
0.158911
0.159198
0.159485
0.159773
0.160061
0.160349
0.160637
0.160926
0.161215
0.161504
0.161793
0.162082
0.162372
0.162662
0.162952
0.163242
0.163532
0.163823
0.164114
0.164405
0.164696
0.164987
0.165279
0.165571
0.165863
0.166155
0.166448
0.166740
0.167033
0.167326
0.167620
0.167913
0.168207
0.168501
0.168795
0.169089
0.169384
0.169679
0.169974
0.170269
0.170564
0.170860
0.171155
0.171451
0.171747
0.172044
0.172340
0.172637
0.172934
0.173231
0.173529
0.173826
0.174124
0.174422
0.174720
0.175018
0.175317
0.175616
0.175915
0.176214
0.176513
0.176813
0.177113
0.177413
0.177713
0.178013
0.178314
0.178615
0.178916
0.179217
0.179518
0.179820
0.180121
0.180423
0.180725
0.181028
0.181330
0.181633
0.181936
0.182239
0.182543
0.182846
0.183150
0.183454
0.183758
0.184062
0.184367
0.184671
0.184976
0.185281
0.185587
0.185892
0.186198
0.186504
0.186810
0.187116
0.187422
0.187729
0.188036
0.188343
0.188650
0.188957
0.189265
0.189573
0.189881
0.190189
0.190497
0.190806
0.191115
0.191424
0.191733
0.192042
0.192352
0.192661
0.192971
0.193281
0.193591
0.193902
0.194213
0.194523
0.194834
0.195146
0.195457
0.195769
0.196080
0.196392
0.196704
0.197017
0.197329
0.197642
0.197955
0.198268
0.198581
0.198895
0.199208
0.199522
0.199836
0.200150
0.200465
0.200779
0.201094
0.201409
0.201724
0.202039
0.202355
0.202671
0.202986
0.203302
0.203619
0.203935
0.204252
0.204568
0.204885
0.205203
0.205520
0.205837
0.206155
0.206473
0.206791
0.207109
0.207428
0.207746
0.208065
0.208384
0.208703
0.209022
0.209342
0.209661
0.209981
0.210301
0.210621
0.210942
0.211262
0.211583
0.211904
0.212225
0.212546
0.212868
0.213189
0.213511
0.213833
0.214155
0.214478
0.214800
0.215123
0.215446
0.215769
0.216092
0.216415
0.216739
0.217063
0.217387
0.217711
0.218035
0.218359
0.218684
0.219009
0.219334
0.219659
0.219984
0.220309
0.220635
0.220961
0.221287
0.221613
0.221939
0.222266
0.222593
0.222919
0.223246
0.223574
0.223901
0.224228
0.224556
0.224884
0.225212
0.225540
0.225869
0.226197
0.226526
0.226855
0.227184
0.227513
0.227842
0.228172
0.228502
0.228832
0.229162
0.229492
0.229822
0.230153
0.230484
0.230814
0.231146
0.231477
0.231808
0.232140
0.232471
0.232803
0.233135
0.233468
0.233800
0.234132
0.234465
0.234798
0.235131
0.235464
0.235798
0.236131
0.236465
0.236799
0.237133
0.237467
0.237801
0.238136
0.238470
0.238805
0.239140
0.239475
0.239811
0.240146
0.240482
0.240817
0.241153
0.241489
0.241826
0.242162
0.242499
0.242835
0.243172
0.243509
0.243847
0.244184
0.244522
0.244859
0.245197
0.245535
0.245873
0.246212
0.246550
0.246889
0.247227
0.247566
0.247905
0.248245
0.248584
0.248924
0.249263
0.249603
0.249943
0.250283
0.250624
0.250964
0.251305
0.251646
0.251987
0.252328
0.252669
0.253010
0.253352
0.253694
0.254036
0.254378
0.254720
0.255062
0.255405
0.255747
0.256090
0.256433
0.256776
0.257119
0.257463
0.257806
0.258150
0.258494
0.258838
0.259182
0.259526
0.259870
0.260215
0.260560
0.260904
0.261249
0.261595
0.261940
0.262285
0.262631
0.262977
0.263323
0.263669
0.264015
0.264361
0.264708
0.265054
0.265401
0.265748
0.266095
0.266442
0.266790
0.267137
0.267485
0.267832
0.268180
0.268528
0.268877
0.269225
0.269573
0.269922
0.270271
0.270620
0.270969
0.271318
0.271667
0.272017
0.272366
0.272716
0.273066
0.273416
0.273766
0.274117
0.274467
0.274818
0.275168
0.275519
0.275870
0.276221
0.276573
0.276924
0.277276
0.277627
0.277979
0.278331
0.278683
0.279035
0.279388
0.279740
0.280093
0.280446
0.280799
0.281152
0.281505
0.281858
0.282212
0.282565
0.282919
0.283273
0.283627
0.283981
0.284335
0.284690
0.285044
0.285399
0.285754
0.286109
0.286464
0.286819
0.287174
0.287530
0.287885
0.288241
0.288597
0.288953
0.289309
0.289665
0.290022
0.290378
0.290735
0.291092
0.291448
0.291805
0.292163
0.292520
0.292877
0.293235
0.293592
0.293950
0.294308
0.294666
0.295024
0.295383
0.295741
0.296100
0.296458
0.296817
0.297176
0.297535
0.297894
0.298254
0.298613
0.298972
0.299332
0.299692
0.300052
0.300412
0.300772
0.301132
0.301493
0.301853
0.302214
0.302575
0.302936
0.303297
0.303658
0.304019
0.304380
0.304742
0.305104
0.305465
0.305827
0.306189
0.306551
0.306913
0.307276
0.307638
0.308001
0.308364
0.308726
0.309089
0.309452
0.309815
0.310179
0.310542
0.310906
0.311269
0.311633
0.311997
0.312361
0.312725
0.313089
0.313454
0.313818
0.314183
0.314547
0.314912
0.315277
0.315642
0.316007
0.316372
0.316738
0.317103
0.317469
0.317834
0.318200
0.318566
0.318932
0.319298
0.319665
0.320031
0.320397
0.320764
0.321131
0.321498
0.321865
0.322232
0.322599
0.322966
0.323333
0.323701
0.324068
0.324436
0.324804
0.325172
0.325540
0.325908
0.326276
0.326644
0.327013
0.327381
0.327750
0.328119
0.328488
0.328857
0.329226
0.329595
0.329964
0.330334
0.330703
0.331073
0.331442
0.331812
0.332182
0.332552
0.332922
0.333292
0.333663
0.334033
0.334404
0.334774
0.335145
0.335516
0.335887
0.336258
0.336629
0.337000
0.337372
0.337743
0.338115
0.338486
0.338858
0.339230
0.339602
0.339974
0.340346
0.340718
0.341091
0.341463
0.341836
0.342208
0.342581
0.342954
0.343327
0.343700
0.344073
0.344446
0.344819
0.345193
0.345566
0.345940
0.346313
0.346687
0.347061
0.347435
0.347809
0.348183
0.348558
0.348932
0.349306
0.349681
0.350056
0.350430
0.350805
0.351180
0.351555
0.351930
0.352305
0.352680
0.353056
0.353431
0.353807
0.354182
0.354558
0.354934
0.355310
0.355686
0.356062
0.356438
0.356814
0.357191
0.357567
0.357944
0.358320
0.358697
0.359074
0.359451
0.359828
0.360205
0.360582
0.360959
0.361336
0.361714
0.362091
0.362469
0.362846
0.363224
0.363602
0.363980
0.364358
0.364736
0.365114
0.365492
0.365870
0.366249
0.366627
0.367006
0.367385
0.367763
0.368142
0.368521
0.368900
0.369279
0.369658
0.370037
0.370417
0.370796
0.371175
0.371555
0.371935
0.372314
0.372694
0.373074
0.373454
0.373834
0.374214
0.374594
0.374974
0.375355
0.375735
0.376115
0.376496
0.376877
0.377257
0.377638
0.378019
0.378400
0.378781
0.379162
0.379543
0.379924
0.380306
0.380687
0.381068
0.381450
0.381831
0.382213
0.382595
0.382977
0.383358
0.383740
0.384122
0.384505
0.384887
0.385269
0.385651
0.386034
0.386416
0.386799
0.387181
0.387564
0.387947
0.388329
0.388712
0.389095
0.389478
0.389861
0.390244
0.390628
0.391011
0.391394
0.391778
0.392161
0.392545
0.392928
0.393312
0.393696
0.394079
0.394463
0.394847
0.395231
0.395615
0.395999
0.396384
0.396768
0.397152
0.397536
0.397921
0.398305
0.398690
0.399075
0.399459
0.399844
0.400229
0.400614
0.400999
0.401384
0.401769
0.402154
0.402539
0.402924
0.403310
0.403695
0.404080
0.404466
0.404851
0.405237
0.405623
0.406008
0.406394
0.406780
0.407166
0.407552
0.407938
0.408324
0.408710
0.409096
0.409482
0.409869
0.410255
0.410642
0.411028
0.411414
0.411801
0.412188
0.412574
0.412961
0.413348
0.413735
0.414122
0.414508
0.414895
0.415283
0.415670
0.416057
0.416444
0.416831
0.417219
0.417606
0.417993
0.418381
0.418768
0.419156
0.419543
0.419931
0.420319
0.420706
0.421094
0.421482
0.421870
0.422258
0.422646
0.423034
0.423422
0.423810
0.424198
0.424587
0.424975
0.425363
0.425752
0.426140
0.426529
0.426917
0.427306
0.427694
0.428083
0.428472
0.428860
0.429249
0.429638
0.430027
0.430416
0.430805
0.431194
0.431583
0.431972
0.432361
0.432750
0.433139
0.433528
0.433918
0.434307
0.434696
0.435086
0.435475
0.435865
0.436254
0.436644
0.437033
0.437423
0.437813
0.438202
0.438592
0.438982
0.439372
0.439762
0.440152
0.440542
0.440931
0.441321
0.441712
0.442102
0.442492
0.442882
0.443272
0.443662
0.444053
0.444443
0.444833
0.445224
0.445614
0.446004
0.446395
0.446785
0.447176
0.447567
0.447957
0.448348
0.448738
0.449129
0.449520
0.449911
0.450301
0.450692
0.451083
0.451474
0.451865
0.452256
0.452647
0.453038
0.453429
0.453820
0.454211
0.454602
0.454993
0.455384
0.455776
0.456167
0.456558
0.456949
0.457341
0.457732
0.458123
0.458515
0.458906
0.459297
0.459689
0.460080
0.460472
0.460863
0.461255
0.461647
0.462038
0.462430
0.462821
0.463213
0.463605
0.463997
0.464388
0.464780
0.465172
0.465564
0.465955
0.466347
0.466739
0.467131
0.467523
0.467915
0.468307
0.468699
0.469091
0.469483
0.469875
0.470267
0.470659
0.471051
0.471443
0.471835
0.472227
0.472620
0.473012
0.473404
0.473796
0.474188
0.474581
0.474973
0.475365
0.475757
0.476150
0.476542
0.476934
0.477327
0.477719
0.478111
0.478504
0.478896
0.479288
0.479681
0.480073
0.480466
0.480858
0.481251
0.481643
0.482036
0.482428
0.482821
0.483213
0.483606
0.483998
0.484391
0.484783
0.485176
0.485569
0.485961
0.486354
0.486746
0.487139
0.487532
0.487924
0.488317
0.488709
0.489102
0.489495
0.489887
0.490280
0.490673
0.491065
0.491458
0.491851
0.492244
0.492636
0.493029
0.493422
0.493814
0.494207
0.494600
0.494993
0.495385
0.495778
0.496171
0.496563
0.496956
0.497349
0.497742
0.498134
0.498527
0.498920
0.499313
0.499705
0.500098
0.500491
0.500884
0.501276
0.501669
0.502062
0.502455
0.502847
0.503240
0.503633
0.504026
0.504418
0.504811
0.505204
0.505597
0.505989
0.506382
0.506775
0.507167
0.507560
0.507953
0.508346
0.508738
0.509131
0.509524
0.509916
0.510309
0.510702
0.511094
0.511487
0.511880
0.512272
0.512665
0.513057
0.513450
0.513843
0.514235
0.514628
0.515020
0.515413
0.515805
0.516198
0.516591
0.516983
0.517376
0.517768
0.518161
0.518553
0.518946
0.519338
0.519730
0.520123
0.520515
0.520908
0.521300
0.521693
0.522085
0.522477
0.522870
0.523262
0.523654
0.524047
0.524439
0.524831
0.525223
0.525616
0.526008
0.526400
0.526792
0.527184
0.527577
0.527969
0.528361
0.528753
0.529145
0.529537
0.529929
0.530321
0.530713
0.531105
0.531497
0.531889
0.532281
0.532673
0.533065
0.533457
0.533849
0.534240
0.534632
0.535024
0.535416
0.535808
0.536199
0.536591
0.536983
0.537374
0.537766
0.538158
0.538549
0.538941
0.539332
0.539724
0.540115
0.540507
0.540898
0.541290
0.541681
0.542072
0.542464
0.542855
0.543246
0.543638
0.544029
0.544420
0.544811
0.545202
0.545594
0.545985
0.546376
0.546767
0.547158
0.547549
0.547940
0.548331
0.548722
0.549112
0.549503
0.549894
0.550285
0.550676
0.551066
0.551457
0.551848
0.552238
0.552629
0.553019
0.553410
0.553800
0.554191
0.554581
0.554972
0.555362
0.555752
0.556143
0.556533
0.556923
0.557313
0.557703
0.558093
0.558483
0.558874
0.559264
0.559653
0.560043
0.560433
0.560823
0.561213
0.561603
0.561992
0.562382
0.562772
0.563161
0.563551
0.563941
0.564330
0.564720
0.565109
0.565498
0.565888
0.566277
0.566666
0.567055
0.567445
0.567834
0.568223
0.568612
0.569001
0.569390
0.569779
0.570168
0.570557
0.570945
0.571334
0.571723
0.572111
0.572500
0.572889
0.573277
0.573666
0.574054
0.574443
0.574831
0.575219
0.575607
0.575996
0.576384
0.576772
0.577160
0.577548
0.577936
0.578324
0.578712
0.579100
0.579487
0.579875
0.580263
0.580650
0.581038
0.581426
0.581813
0.582200
0.582588
0.582975
0.583362
0.583750
0.584137
0.584524
0.584911
0.585298
0.585685
0.586072
0.586459
0.586846
0.587232
0.587619
0.588006
0.588392
0.588779
0.589165
0.589552
0.589938
0.590324
0.590711
0.591097
0.591483
0.591869
0.592255
0.592641
0.593027
0.593413
0.593799
0.594184
0.594570
0.594956
0.595341
0.595727
0.596112
0.596498
0.596883
0.597268
0.597653
0.598039
0.598424
0.598809
0.599194
0.599579
0.599964
0.600348
0.600733
0.601118
0.601502
0.601887
0.602271
0.602656
0.603040
0.603424
0.603809
0.604193
0.604577
0.604961
0.605345
0.605729
0.606113
0.606496
0.606880
0.607264
0.607647
0.608031
0.608414
0.608798
0.609181
0.609564
0.609947
0.610330
0.610713
0.611096
0.611479
0.611862
0.612245
0.612628
0.613010
0.613393
0.613775
0.614158
0.614540
0.614922
0.615304
0.615687
0.616069
0.616451
0.616832
0.617214
0.617596
0.617978
0.618359
0.618741
0.619122
0.619504
0.619885
0.620266
0.620648
0.621029
0.621410
0.621791
0.622172
0.622552
0.622933
0.623314
0.623694
0.624075
0.624455
0.624836
0.625216
0.625596
0.625976
0.626356
0.626736
0.627116
0.627496
0.627876
0.628255
0.628635
0.629014
0.629394
0.629773
0.630152
0.630531
0.630911
0.631290
0.631668
0.632047
0.632426
0.632805
0.633183
0.633562
0.633940
0.634319
0.634697
0.635075
0.635453
0.635831
0.636209
0.636587
0.636965
0.637342
0.637720
0.638098
0.638475
0.638852
0.639230
0.639607
0.639984
0.640361
0.640738
0.641115
0.641491
0.641868
0.642245
0.642621
0.642997
0.643374
0.643750
0.644126
0.644502
0.644878
0.645254
0.645630
0.646005
0.646381
0.646756
0.647132
0.647507
0.647882
0.648258
0.648633
0.649007
0.649382
0.649757
0.650132
0.650506
0.650881
0.651255
0.651630
0.652004
0.652378
0.652752
0.653126
0.653500
0.653873
0.654247
0.654621
0.654994
0.655367
0.655741
0.656114
0.656487
0.656860
0.657233
0.657605
0.657978
0.658351
0.658723
0.659096
0.659468
0.659840
0.660212
0.660584
0.660956
0.661328
0.661700
0.662071
0.662443
0.662814
0.663185
0.663556
0.663928
0.664299
0.664669
0.665040
0.665411
0.665781
0.666152
0.666522
0.666893
0.667263
0.667633
0.668003
0.668373
0.668742
0.669112
0.669482
0.669851
0.670220
0.670590
0.670959
0.671328
0.671697
0.672066
0.672434
0.672803
0.673171
0.673540
0.673908
0.674276
0.674644
0.675012
0.675380
0.675748
0.676115
0.676483
0.676850
0.677218
0.677585
0.677952
0.678319
0.678686
0.679053
0.679419
0.679786
0.680152
0.680519
0.680885
0.681251
0.681617
0.681983
0.682348
0.682714
0.683080
0.683445
0.683810
0.684175
0.684541
0.684906
0.685270
0.685635
0.686000
0.686364
0.686729
0.687093
0.687457
0.687821
0.688185
0.688549
0.688913
0.689276
0.689640
0.690003
0.690366
0.690729
0.691092
0.691455
0.691818
0.692180
0.692543
0.692905
0.693268
0.693630
0.693992
0.694354
0.694716
0.695077
0.695439
0.695800
0.696162
0.696523
0.696884
0.697245
0.697606
0.697966
0.698327
0.698687
0.699048
0.699408
0.699768
0.700128
0.700488
0.700848
0.701207
0.701567
0.701926
0.702285
0.702645
0.703003
0.703362
0.703721
0.704080
0.704438
0.704797
0.705155
0.705513
0.705871
0.706229
0.706586
0.706944
0.707301
0.707659
0.708016
0.708373
0.708730
0.709087
0.709444
0.709800
0.710157
0.710513
0.710869
0.711225
0.711581
0.711937
0.712292
0.712648
0.713003
0.713359
0.713714
0.714069
0.714424
0.714778
0.715133
0.715487
0.715842
0.716196
0.716550
0.716904
0.717258
0.717611
0.717965
0.718318
0.718672
0.719025
0.719378
0.719731
0.720083
0.720436
0.720788
0.721141
0.721493
0.721845
0.722197
0.722549
0.722900
0.723252
0.723603
0.723954
0.724305
0.724656
0.725007
0.725358
0.725708
0.726059
0.726409
0.726759
0.727109
0.727459
0.727808
0.728158
0.728507
0.728857
0.729206
0.729555
0.729904
0.730252
0.730601
0.730949
0.731298
0.731646
0.731994
0.732342
0.732689
0.733037
0.733384
0.733731
0.734079
0.734426
0.734772
0.735119
0.735466
0.735812
0.736158
0.736504
0.736850
0.737196
0.737542
0.737887
0.738233
0.738578
0.738923
0.739268
0.739613
0.739957
0.740302
0.740646
0.740990
0.741334
0.741678
0.742022
0.742366
0.742709
0.743052
0.743396
0.743739
0.744081
0.744424
0.744767
0.745109
0.745451
0.745793
0.746135
0.746477
0.746819
0.747160
0.747502
0.747843
0.748184
0.748525
0.748865
0.749206
0.749546
0.749887
0.750227
0.750567
0.750906
0.751246
0.751586
0.751925
0.752264
0.752603
0.752942
0.753281
0.753619
0.753958
0.754296
0.754634
0.754972
0.755310
0.755647
0.755985
0.756322
0.756659
0.756996
0.757333
0.757670
0.758006
0.758342
0.758679
0.759015
0.759350
0.759686
0.760022
0.760357
0.760692
0.761027
0.761362
0.761697
0.762032
0.762366
0.762700
0.763034
0.763368
0.763702
0.764036
0.764369
0.764702
0.765035
0.765368
0.765701
0.766034
0.766366
0.766699
0.767031
0.767363
0.767695
0.768026
0.768358
0.768689
0.769020
0.769351
0.769682
0.770012
0.770343
0.770673
0.771003
0.771333
0.771663
0.771993
0.772322
0.772652
0.772981
0.773310
0.773638
0.773967
0.774296
0.774624
0.774952
0.775280
0.775608
0.775935
0.776263
0.776590
0.776917
0.777244
0.777571
0.777897
0.778224
0.778550
0.778876
0.779202
0.779528
0.779853
0.780179
0.780504
0.780829
0.781154
0.781478
0.781803
0.782127
0.782451
0.782775
0.783099
0.783423
0.783746
0.784070
0.784393
0.784716
0.785038
0.785361
0.785683
0.786006
0.786328
0.786650
0.786971
0.787293
0.787614
0.787935
0.788256
0.788577
0.788898
0.789218
0.789539
0.789859
0.790179
0.790498
0.790818
0.791137
0.791457
0.791776
0.792095
0.792413
0.792732
0.793050
0.793368
0.793686
0.794004
0.794321
0.794639
0.794956
0.795273
0.795590
0.795907
0.796223
0.796539
0.796856
0.797171
0.797487
0.797803
0.798118
0.798433
0.798748
0.799063
0.799378
0.799692
0.800007
0.800321
0.800635
0.800948
0.801262
0.801575
0.801889
0.802202
0.802514
0.802827
0.803139
0.803452
0.803764
0.804076
0.804387
0.804699
0.805010
0.805321
0.805632
0.805943
0.806253
0.806564
0.806874
0.807184
0.807494
0.807803
0.808113
0.808422
0.808731
0.809040
0.809348
0.809657
0.809965
0.810273
0.810581
0.810889
0.811196
0.811504
0.811811
0.812118
0.812424
0.812731
0.813037
0.813343
0.813649
0.813955
0.814261
0.814566
0.814871
0.815176
0.815481
0.815786
0.816090
0.816394
0.816698
0.817002
0.817306
0.817609
0.817912
0.818215
0.818518
0.818821
0.819123
0.819426
0.819728
0.820030
0.820331
0.820633
0.820934
0.821235
0.821536
0.821837
0.822137
0.822437
0.822737
0.823037
0.823337
0.823636
0.823936
0.824235
0.824534
0.824832
0.825131
0.825429
0.825727
0.826025
0.826323
0.826620
0.826917
0.827214
0.827511
0.827808
0.828104
0.828401
0.828697
0.828993
0.829288
0.829584
0.829879
0.830174
0.830469
0.830763
0.831058
0.831352
0.831646
0.831940
0.832234
0.832527
0.832820
0.833113
0.833406
0.833699
0.833991
0.834283
0.834575
0.834867
0.835158
0.835450
0.835741
0.836032
0.836322
0.836613
0.836903
0.837193
0.837483
0.837773
0.838062
0.838352
0.838641
0.838930
0.839218
0.839507
0.839795
0.840083
0.840371
0.840658
0.840946
0.841233
0.841520
0.841807
0.842093
0.842379
0.842666
0.842951
0.843237
0.843523
0.843808
0.844093
0.844378
0.844662
0.844947
0.845231
0.845515
0.845799
0.846082
0.846366
0.846649
0.846932
0.847215
0.847497
0.847779
0.848061
0.848343
0.848625
0.848906
0.849188
0.849469
0.849749
0.850030
0.850310
0.850590
0.850870
0.851150
0.851429
0.851709
0.851988
0.852267
0.852545
0.852824
0.853102
0.853380
0.853658
0.853935
0.854212
0.854489
0.854766
0.855043
0.855319
0.855596
0.855872
0.856147
0.856423
0.856698
0.856973
0.857248
0.857523
0.857797
0.858072
0.858346
0.858619
0.858893
0.859166
0.859439
0.859712
0.859985
0.860257
0.860530
0.860802
0.861074
0.861345
0.861616
0.861888
0.862158
0.862429
0.862700
0.862970
0.863240
0.863510
0.863779
0.864048
0.864318
0.864586
0.864855
0.865124
0.865392
0.865660
0.865927
0.866195
0.866462
0.866729
0.866996
0.867263
0.867529
0.867795
0.868061
0.868327
0.868593
0.868858
0.869123
0.869388
0.869652
0.869917
0.870181
0.870445
0.870708
0.870972
0.871235
0.871498
0.871761
0.872023
0.872286
0.872548
0.872809
0.873071
0.873332
0.873594
0.873854
0.874115
0.874376
0.874636
0.874896
0.875156
0.875415
0.875674
0.875933
0.876192
0.876451
0.876709
0.876967
0.877225
0.877483
0.877740
0.877998
0.878254
0.878511
0.878768
0.879024
0.879280
0.879536
0.879791
0.880047
0.880302
0.880557
0.880811
0.881066
0.881320
0.881574
0.881827
0.882081
0.882334
0.882587
0.882840
0.883092
0.883345
0.883597
0.883848
0.884100
0.884351
0.884602
0.884853
0.885104
0.885354
0.885604
0.885854
0.886104
0.886353
0.886603
0.886851
0.887100
0.887349
0.887597
0.887845
0.888093
0.888340
0.888587
0.888834
0.889081
0.889328
0.889574
0.889820
0.890066
0.890312
0.890557
0.890802
0.891047
0.891292
0.891536
0.891780
0.892024
0.892268
0.892511
0.892754
0.892997
0.893240
0.893482
0.893724
0.893966
0.894208
0.894450
0.894691
0.894932
0.895173
0.895413
0.895653
0.895893
0.896133
0.896373
0.896612
0.896851
0.897090
0.897328
0.897567
0.897805
0.898042
0.898280
0.898517
0.898754
0.898991
0.899228
0.899464
0.899700
0.899936
0.900172
0.900407
0.900642
0.900877
0.901112
0.901346
0.901580
0.901814
0.902047
0.902281
0.902514
0.902747
0.902979
0.903212
0.903444
0.903676
0.903907
0.904139
0.904370
0.904601
0.904831
0.905062
0.905292
0.905522
0.905751
0.905981
0.906210
0.906439
0.906667
0.906896
0.907124
0.907352
0.907579
0.907807
0.908034
0.908261
0.908487
0.908714
0.908940
0.909166
0.909391
0.909617
0.909842
0.910067
0.910291
0.910516
0.910740
0.910963
0.911187
0.911410
0.911633
0.911856
0.912079
0.912301
0.912523
0.912745
0.912967
0.913188
0.913409
0.913630
0.913850
0.914070
0.914290
0.914510
0.914730
0.914949
0.915168
0.915387
0.915605
0.915823
0.916041
0.916259
0.916477
0.916694
0.916911
0.917127
0.917344
0.917560
0.917776
0.917992
0.918207
0.918422
0.918637
0.918852
0.919066
0.919280
0.919494
0.919707
0.919921
0.920134
0.920347
0.920559
0.920771
0.920984
0.921195
0.921407
0.921618
0.921829
0.922040
0.922250
0.922460
0.922670
0.922880
0.923089
0.923299
0.923508
0.923716
0.923925
0.924133
0.924341
0.924548
0.924755
0.924963
0.925169
0.925376
0.925582
0.925788
0.925994
0.926199
0.926405
0.926610
0.926814
0.927019
0.927223
0.927427
0.927631
0.927834
0.928037
0.928240
0.928443
0.928645
0.928847
0.929049
0.929250
0.929452
0.929653
0.929853
0.930054
0.930254
0.930454
0.930654
0.930853
0.931052
0.931251
0.931450
0.931648
0.931846
0.932044
0.932242
0.932439
0.932636
0.932833
0.933029
0.933225
0.933421
0.933617
0.933812
0.934007
0.934202
0.934397
0.934591
0.934785
0.934979
0.935173
0.935366
0.935559
0.935752
0.935944
0.936136
0.936328
0.936520
0.936711
0.936903
0.937093
0.937284
0.937474
0.937664
0.937854
0.938044
0.938233
0.938422
0.938610
0.938799
0.938987
0.939175
0.939362
0.939550
0.939737
0.939924
0.940110
0.940296
0.940482
0.940668
0.940854
0.941039
0.941224
0.941408
0.941593
0.941777
0.941960
0.942144
0.942327
0.942510
0.942693
0.942875
0.943058
0.943239
0.943421
0.943602
0.943783
0.943964
0.944145
0.944325
0.944505
0.944685
0.944864
0.945043
0.945222
0.945401
0.945579
0.945757
0.945935
0.946112
0.946290
0.946467
0.946643
0.946820
0.946996
0.947172
0.947347
0.947522
0.947697
0.947872
0.948047
0.948221
0.948395
0.948568
0.948742
0.948915
0.949088
0.949260
0.949432
0.949604
0.949776
0.949947
0.950119
0.950290
0.950460
0.950630
0.950800
0.950970
0.951140
0.951309
0.951478
0.951646
0.951815
0.951983
0.952151
0.952318
0.952485
0.952652
0.952819
0.952985
0.953152
0.953317
0.953483
0.953648
0.953813
0.953978
0.954142
0.954307
0.954471
0.954634
0.954797
0.954961
0.955123
0.955286
0.955448
0.955610
0.955772
0.955933
0.956094
0.956255
0.956415
0.956575
0.956735
0.956895
0.957055
0.957214
0.957372
0.957531
0.957689
0.957847
0.958005
0.958162
0.958319
0.958476
0.958633
0.958789
0.958945
0.959101
0.959256
0.959411
0.959566
0.959721
0.959875
0.960029
0.960183
0.960336
0.960490
0.960642
0.960795
0.960947
0.961099
0.961251
0.961403
0.961554
0.961705
0.961855
0.962005
0.962156
0.962305
0.962455
0.962604
0.962753
0.962901
0.963050
0.963198
0.963345
0.963493
0.963640
0.963787
0.963934
0.964080
0.964226
0.964372
0.964517
0.964662
0.964807
0.964952
0.965096
0.965240
0.965384
0.965527
0.965671
0.965813
0.965956
0.966098
0.966240
0.966382
0.966523
0.966665
0.966805
0.966946
0.967086
0.967226
0.967366
0.967505
0.967645
0.967783
0.967922
0.968060
0.968198
0.968336
0.968473
0.968610
0.968747
0.968884
0.969020
0.969156
0.969292
0.969427
0.969562
0.969697
0.969831
0.969966
0.970100
0.970233
0.970367
0.970500
0.970632
0.970765
0.970897
0.971029
0.971160
0.971292
0.971423
0.971554
0.971684
0.971814
0.971944
0.972074
0.972203
0.972332
0.972460
0.972589
0.972717
0.972845
0.972972
0.973100
0.973227
0.973353
0.973480
0.973606
0.973731
0.973857
0.973982
0.974107
0.974232
0.974356
0.974480
0.974604
0.974727
0.974850
0.974973
0.975096
0.975218
0.975340
0.975461
0.975583
0.975704
0.975825
0.975945
0.976065
0.976185
0.976305
0.976424
0.976543
0.976662
0.976780
0.976899
0.977017
0.977134
0.977251
0.977368
0.977485
0.977601
0.977717
0.977833
0.977949
0.978064
0.978179
0.978293
0.978408
0.978522
0.978636
0.978749
0.978862
0.978975
0.979087
0.979200
0.979312
0.979423
0.979535
0.979646
0.979757
0.979867
0.979977
0.980087
0.980197
0.980306
0.980415
0.980524
0.980632
0.980740
0.980848
0.980955
0.981063
0.981170
0.981276
0.981383
0.981489
0.981594
0.981700
0.981805
0.981910
0.982014
0.982118
0.982222
0.982326
0.982429
0.982532
0.982635
0.982738
0.982840
0.982942
0.983043
0.983145
0.983246
0.983346
0.983447
0.983547
0.983646
0.983746
0.983845
0.983944
0.984043
0.984141
0.984239
0.984336
0.984434
0.984531
0.984628
0.984724
0.984820
0.984916
0.985012
0.985107
0.985202
0.985297
0.985391
0.985485
0.985579
0.985673
0.985766
0.985859
0.985951
0.986044
0.986136
0.986227
0.986319
0.986410
0.986501
0.986591
0.986681
0.986771
0.986861
0.986950
0.987039
0.987128
0.987216
0.987304
0.987392
0.987480
0.987567
0.987654
0.987740
0.987827
0.987913
0.987998
0.988084
0.988169
0.988253
0.988338
0.988422
0.988506
0.988590
0.988673
0.988756
0.988838
0.988921
0.989003
0.989085
0.989166
0.989247
0.989328
0.989409
0.989489
0.989569
0.989649
0.989728
0.989807
0.989886
0.989964
0.990042
0.990120
0.990198
0.990275
0.990352
0.990429
0.990505
0.990581
0.990657
0.990732
0.990807
0.990882
0.990956
0.991031
0.991105
0.991178
0.991251
0.991324
0.991397
0.991470
0.991542
0.991613
0.991685
0.991756
0.991827
0.991898
0.991968
0.992038
0.992107
0.992177
0.992246
0.992315
0.992383
0.992451
0.992519
0.992587
0.992654
0.992721
0.992787
0.992854
0.992920
0.992985
0.993051
0.993116
0.993181
0.993245
0.993309
0.993373
0.993437
0.993500
0.993563
0.993626
0.993688
0.993750
0.993812
0.993873
0.993934
0.993995
0.994056
0.994116
0.994176
0.994236
0.994295
0.994354
0.994413
0.994471
0.994529
0.994587
0.994644
0.994702
0.994758
0.994815
0.994871
0.994927
0.994983
0.995038
0.995093
0.995148
0.995202
0.995257
0.995310
0.995364
0.995417
0.995470
0.995523
0.995575
0.995627
0.995679
0.995730
0.995781
0.995832
0.995882
0.995932
0.995982
0.996032
0.996081
0.996130
0.996178
0.996227
0.996275
0.996323
0.996370
0.996417
0.996464
0.996510
0.996556
0.996602
0.996648
0.996693
0.996738
0.996783
0.996827
0.996871
0.996915
0.996958
0.997001
0.997044
0.997087
0.997129
0.997171
0.997212
0.997253
0.997294
0.997335
0.997375
0.997415
0.997455
0.997495
0.997534
0.997572
0.997611
0.997649
0.997687
0.997725
0.997762
0.997799
0.997836
0.997872
0.997908
0.997944
0.997979
0.998014
0.998049
0.998084
0.998118
0.998152
0.998185
0.998218
0.998251
0.998284
0.998316
0.998349
0.998380
0.998412
0.998443
0.998474
0.998504
0.998534
0.998564
0.998594
0.998623
0.998652
0.998681
0.998709
0.998737
0.998765
0.998792
0.998819
0.998846
0.998873
0.998899
0.998925
0.998950
0.998976
0.999001
0.999025
0.999050
0.999074
0.999098
0.999121
0.999144
0.999167
0.999189
0.999212
0.999234
0.999255
0.999276
0.999297
0.999318
0.999338
0.999358
0.999378
0.999398
0.999417
0.999436
0.999454
0.999472
0.999490
0.999508
0.999525
0.999542
0.999559
0.999575
0.999591
0.999607
0.999622
0.999637
0.999652
0.999667
0.999681
0.999695
0.999708
0.999721
0.999734
0.999747
0.999759
0.999771
0.999783
0.999795
0.999806
0.999816
0.999827
0.999837
0.999847
0.999857
0.999866
0.999875
0.999883
0.999892
0.999900
0.999907
0.999915
0.999922
0.999929
0.999935
0.999941
0.999947
0.999953
0.999958
0.999963
0.999968
0.999972
0.999976
0.999980
0.999983
0.999986
0.999989
0.999991
0.999993
0.999995
0.999997
0.999998
0.999999
1.000000
1.000000
1.000000
1.000000
0.999999
0.999998
0.999997
0.999995
0.999993
0.999991
0.999989
0.999986
0.999983
0.999980
0.999976
0.999972
0.999968
0.999963
0.999958
0.999953
0.999947
0.999941
0.999935
0.999929
0.999922
0.999915
0.999907
0.999900
0.999892
0.999883
0.999875
0.999866
0.999857
0.999847
0.999837
0.999827
0.999816
0.999806
0.999795
0.999783
0.999771
0.999759
0.999747
0.999734
0.999721
0.999708
0.999695
0.999681
0.999667
0.999652
0.999637
0.999622
0.999607
0.999591
0.999575
0.999559
0.999542
0.999525
0.999508
0.999490
0.999472
0.999454
0.999436
0.999417
0.999398
0.999378
0.999358
0.999338
0.999318
0.999297
0.999276
0.999255
0.999234
0.999212
0.999189
0.999167
0.999144
0.999121
0.999098
0.999074
0.999050
0.999025
0.999001
0.998976
0.998950
0.998925
0.998899
0.998873
0.998846
0.998819
0.998792
0.998765
0.998737
0.998709
0.998681
0.998652
0.998623
0.998594
0.998564
0.998534
0.998504
0.998474
0.998443
0.998412
0.998380
0.998349
0.998316
0.998284
0.998251
0.998218
0.998185
0.998152
0.998118
0.998084
0.998049
0.998014
0.997979
0.997944
0.997908
0.997872
0.997836
0.997799
0.997762
0.997725
0.997687
0.997649
0.997611
0.997572
0.997534
0.997495
0.997455
0.997415
0.997375
0.997335
0.997294
0.997253
0.997212
0.997171
0.997129
0.997087
0.997044
0.997001
0.996958
0.996915
0.996871
0.996827
0.996783
0.996738
0.996693
0.996648
0.996602
0.996556
0.996510
0.996464
0.996417
0.996370
0.996323
0.996275
0.996227
0.996178
0.996130
0.996081
0.996032
0.995982
0.995932
0.995882
0.995832
0.995781
0.995730
0.995679
0.995627
0.995575
0.995523
0.995470
0.995417
0.995364
0.995310
0.995257
0.995202
0.995148
0.995093
0.995038
0.994983
0.994927
0.994871
0.994815
0.994758
0.994702
0.994644
0.994587
0.994529
0.994471
0.994413
0.994354
0.994295
0.994236
0.994176
0.994116
0.994056
0.993995
0.993934
0.993873
0.993812
0.993750
0.993688
0.993626
0.993563
0.993500
0.993437
0.993373
0.993309
0.993245
0.993181
0.993116
0.993051
0.992985
0.992920
0.992854
0.992787
0.992721
0.992654
0.992587
0.992519
0.992451
0.992383
0.992315
0.992246
0.992177
0.992107
0.992038
0.991968
0.991898
0.991827
0.991756
0.991685
0.991613
0.991542
0.991470
0.991397
0.991324
0.991251
0.991178
0.991105
0.991031
0.990956
0.990882
0.990807
0.990732
0.990657
0.990581
0.990505
0.990429
0.990352
0.990275
0.990198
0.990120
0.990042
0.989964
0.989886
0.989807
0.989728
0.989649
0.989569
0.989489
0.989409
0.989328
0.989247
0.989166
0.989085
0.989003
0.988921
0.988838
0.988756
0.988673
0.988590
0.988506
0.988422
0.988338
0.988253
0.988169
0.988084
0.987998
0.987913
0.987827
0.987740
0.987654
0.987567
0.987480
0.987392
0.987304
0.987216
0.987128
0.987039
0.986950
0.986861
0.986771
0.986681
0.986591
0.986501
0.986410
0.986319
0.986227
0.986136
0.986044
0.985951
0.985859
0.985766
0.985673
0.985579
0.985485
0.985391
0.985297
0.985202
0.985107
0.985012
0.984916
0.984820
0.984724
0.984628
0.984531
0.984434
0.984336
0.984239
0.984141
0.984043
0.983944
0.983845
0.983746
0.983646
0.983547
0.983447
0.983346
0.983246
0.983145
0.983043
0.982942
0.982840
0.982738
0.982635
0.982532
0.982429
0.982326
0.982222
0.982118
0.982014
0.981910
0.981805
0.981700
0.981594
0.981489
0.981383
0.981276
0.981170
0.981063
0.980955
0.980848
0.980740
0.980632
0.980524
0.980415
0.980306
0.980197
0.980087
0.979977
0.979867
0.979757
0.979646
0.979535
0.979423
0.979312
0.979200
0.979087
0.978975
0.978862
0.978749
0.978636
0.978522
0.978408
0.978293
0.978179
0.978064
0.977949
0.977833
0.977717
0.977601
0.977485
0.977368
0.977251
0.977134
0.977017
0.976899
0.976780
0.976662
0.976543
0.976424
0.976305
0.976185
0.976065
0.975945
0.975825
0.975704
0.975583
0.975461
0.975340
0.975218
0.975096
0.974973
0.974850
0.974727
0.974604
0.974480
0.974356
0.974232
0.974107
0.973982
0.973857
0.973731
0.973606
0.973480
0.973353
0.973227
0.973100
0.972972
0.972845
0.972717
0.972589
0.972460
0.972332
0.972203
0.972074
0.971944
0.971814
0.971684
0.971554
0.971423
0.971292
0.971160
0.971029
0.970897
0.970765
0.970632
0.970500
0.970367
0.970233
0.970100
0.969966
0.969831
0.969697
0.969562
0.969427
0.969292
0.969156
0.969020
0.968884
0.968747
0.968610
0.968473
0.968336
0.968198
0.968060
0.967922
0.967783
0.967645
0.967505
0.967366
0.967226
0.967086
0.966946
0.966805
0.966665
0.966523
0.966382
0.966240
0.966098
0.965956
0.965813
0.965671
0.965527
0.965384
0.965240
0.965096
0.964952
0.964807
0.964662
0.964517
0.964372
0.964226
0.964080
0.963934
0.963787
0.963640
0.963493
0.963345
0.963198
0.963050
0.962901
0.962753
0.962604
0.962455
0.962305
0.962156
0.962005
0.961855
0.961705
0.961554
0.961403
0.961251
0.961099
0.960947
0.960795
0.960642
0.960490
0.960336
0.960183
0.960029
0.959875
0.959721
0.959566
0.959411
0.959256
0.959101
0.958945
0.958789
0.958633
0.958476
0.958319
0.958162
0.958005
0.957847
0.957689
0.957531
0.957372
0.957214
0.957055
0.956895
0.956735
0.956575
0.956415
0.956255
0.956094
0.955933
0.955772
0.955610
0.955448
0.955286
0.955123
0.954961
0.954797
0.954634
0.954471
0.954307
0.954142
0.953978
0.953813
0.953648
0.953483
0.953317
0.953152
0.952985
0.952819
0.952652
0.952485
0.952318
0.952151
0.951983
0.951815
0.951646
0.951478
0.951309
0.951140
0.950970
0.950800
0.950630
0.950460
0.950290
0.950119
0.949947
0.949776
0.949604
0.949432
0.949260
0.949088
0.948915
0.948742
0.948568
0.948395
0.948221
0.948047
0.947872
0.947697
0.947522
0.947347
0.947172
0.946996
0.946820
0.946643
0.946467
0.946290
0.946112
0.945935
0.945757
0.945579
0.945401
0.945222
0.945043
0.944864
0.944685
0.944505
0.944325
0.944145
0.943964
0.943783
0.943602
0.943421
0.943239
0.943058
0.942875
0.942693
0.942510
0.942327
0.942144
0.941960
0.941777
0.941593
0.941408
0.941224
0.941039
0.940854
0.940668
0.940482
0.940296
0.940110
0.939924
0.939737
0.939550
0.939362
0.939175
0.938987
0.938799
0.938610
0.938422
0.938233
0.938044
0.937854
0.937664
0.937474
0.937284
0.937093
0.936903
0.936711
0.936520
0.936328
0.936136
0.935944
0.935752
0.935559
0.935366
0.935173
0.934979
0.934785
0.934591
0.934397
0.934202
0.934007
0.933812
0.933617
0.933421
0.933225
0.933029
0.932833
0.932636
0.932439
0.932242
0.932044
0.931846
0.931648
0.931450
0.931251
0.931052
0.930853
0.930654
0.930454
0.930254
0.930054
0.929853
0.929653
0.929452
0.929250
0.929049
0.928847
0.928645
0.928443
0.928240
0.928037
0.927834
0.927631
0.927427
0.927223
0.927019
0.926814
0.926610
0.926405
0.926199
0.925994
0.925788
0.925582
0.925376
0.925169
0.924963
0.924755
0.924548
0.924341
0.924133
0.923925
0.923716
0.923508
0.923299
0.923089
0.922880
0.922670
0.922460
0.922250
0.922040
0.921829
0.921618
0.921407
0.921195
0.920984
0.920771
0.920559
0.920347
0.920134
0.919921
0.919707
0.919494
0.919280
0.919066
0.918852
0.918637
0.918422
0.918207
0.917992
0.917776
0.917560
0.917344
0.917127
0.916911
0.916694
0.916477
0.916259
0.916041
0.915823
0.915605
0.915387
0.915168
0.914949
0.914730
0.914510
0.914290
0.914070
0.913850
0.913630
0.913409
0.913188
0.912967
0.912745
0.912523
0.912301
0.912079
0.911856
0.911633
0.911410
0.911187
0.910963
0.910740
0.910516
0.910291
0.910067
0.909842
0.909617
0.909391
0.909166
0.908940
0.908714
0.908487
0.908261
0.908034
0.907807
0.907579
0.907352
0.907124
0.906896
0.906667
0.906439
0.906210
0.905981
0.905751
0.905522
0.905292
0.905062
0.904831
0.904601
0.904370
0.904139
0.903907
0.903676
0.903444
0.903212
0.902979
0.902747
0.902514
0.902281
0.902047
0.901814
0.901580
0.901346
0.901112
0.900877
0.900642
0.900407
0.900172
0.899936
0.899700
0.899464
0.899228
0.898991
0.898754
0.898517
0.898280
0.898042
0.897805
0.897567
0.897328
0.897090
0.896851
0.896612
0.896373
0.896133
0.895893
0.895653
0.895413
0.895173
0.894932
0.894691
0.894450
0.894208
0.893966
0.893724
0.893482
0.893240
0.892997
0.892754
0.892511
0.892268
0.892024
0.891780
0.891536
0.891292
0.891047
0.890802
0.890557
0.890312
0.890066
0.889820
0.889574
0.889328
0.889081
0.888834
0.888587
0.888340
0.888093
0.887845
0.887597
0.887349
0.887100
0.886851
0.886603
0.886353
0.886104
0.885854
0.885604
0.885354
0.885104
0.884853
0.884602
0.884351
0.884100
0.883848
0.883597
0.883345
0.883092
0.882840
0.882587
0.882334
0.882081
0.881827
0.881574
0.881320
0.881066
0.880811
0.880557
0.880302
0.880047
0.879791
0.879536
0.879280
0.879024
0.878768
0.878511
0.878254
0.877998
0.877740
0.877483
0.877225
0.876967
0.876709
0.876451
0.876192
0.875933
0.875674
0.875415
0.875156
0.874896
0.874636
0.874376
0.874115
0.873854
0.873594
0.873332
0.873071
0.872809
0.872548
0.872286
0.872023
0.871761
0.871498
0.871235
0.870972
0.870708
0.870445
0.870181
0.869917
0.869652
0.869388
0.869123
0.868858
0.868593
0.868327
0.868061
0.867795
0.867529
0.867263
0.866996
0.866729
0.866462
0.866195
0.865927
0.865660
0.865392
0.865124
0.864855
0.864586
0.864318
0.864048
0.863779
0.863510
0.863240
0.862970
0.862700
0.862429
0.862158
0.861888
0.861616
0.861345
0.861074
0.860802
0.860530
0.860257
0.859985
0.859712
0.859439
0.859166
0.858893
0.858619
0.858346
0.858072
0.857797
0.857523
0.857248
0.856973
0.856698
0.856423
0.856147
0.855872
0.855596
0.855319
0.855043
0.854766
0.854489
0.854212
0.853935
0.853658
0.853380
0.853102
0.852824
0.852545
0.852267
0.851988
0.851709
0.851429
0.851150
0.850870
0.850590
0.850310
0.850030
0.849749
0.849469
0.849188
0.848906
0.848625
0.848343
0.848061
0.847779
0.847497
0.847215
0.846932
0.846649
0.846366
0.846082
0.845799
0.845515
0.845231
0.844947
0.844662
0.844378
0.844093
0.843808
0.843523
0.843237
0.842951
0.842666
0.842379
0.842093
0.841807
0.841520
0.841233
0.840946
0.840658
0.840371
0.840083
0.839795
0.839507
0.839218
0.838930
0.838641
0.838352
0.838062
0.837773
0.837483
0.837193
0.836903
0.836613
0.836322
0.836032
0.835741
0.835450
0.835158
0.834867
0.834575
0.834283
0.833991
0.833699
0.833406
0.833113
0.832820
0.832527
0.832234
0.831940
0.831646
0.831352
0.831058
0.830763
0.830469
0.830174
0.829879
0.829584
0.829288
0.828993
0.828697
0.828401
0.828104
0.827808
0.827511
0.827214
0.826917
0.826620
0.826323
0.826025
0.825727
0.825429
0.825131
0.824832
0.824534
0.824235
0.823936
0.823636
0.823337
0.823037
0.822737
0.822437
0.822137
0.821837
0.821536
0.821235
0.820934
0.820633
0.820331
0.820030
0.819728
0.819426
0.819123
0.818821
0.818518
0.818215
0.817912
0.817609
0.817306
0.817002
0.816698
0.816394
0.816090
0.815786
0.815481
0.815176
0.814871
0.814566
0.814261
0.813955
0.813649
0.813343
0.813037
0.812731
0.812424
0.812118
0.811811
0.811504
0.811196
0.810889
0.810581
0.810273
0.809965
0.809657
0.809348
0.809040
0.808731
0.808422
0.808113
0.807803
0.807494
0.807184
0.806874
0.806564
0.806253
0.805943
0.805632
0.805321
0.805010
0.804699
0.804387
0.804076
0.803764
0.803452
0.803139
0.802827
0.802514
0.802202
0.801889
0.801575
0.801262
0.800948
0.800635
0.800321
0.800007
0.799692
0.799378
0.799063
0.798748
0.798433
0.798118
0.797803
0.797487
0.797171
0.796856
0.796539
0.796223
0.795907
0.795590
0.795273
0.794956
0.794639
0.794321
0.794004
0.793686
0.793368
0.793050
0.792732
0.792413
0.792095
0.791776
0.791457
0.791137
0.790818
0.790498
0.790179
0.789859
0.789539
0.789218
0.788898
0.788577
0.788256
0.787935
0.787614
0.787293
0.786971
0.786650
0.786328
0.786006
0.785683
0.785361
0.785038
0.784716
0.784393
0.784070
0.783746
0.783423
0.783099
0.782775
0.782451
0.782127
0.781803
0.781478
0.781154
0.780829
0.780504
0.780179
0.779853
0.779528
0.779202
0.778876
0.778550
0.778224
0.777897
0.777571
0.777244
0.776917
0.776590
0.776263
0.775935
0.775608
0.775280
0.774952
0.774624
0.774296
0.773967
0.773638
0.773310
0.772981
0.772652
0.772322
0.771993
0.771663
0.771333
0.771003
0.770673
0.770343
0.770012
0.769682
0.769351
0.769020
0.768689
0.768358
0.768026
0.767695
0.767363
0.767031
0.766699
0.766366
0.766034
0.765701
0.765368
0.765035
0.764702
0.764369
0.764036
0.763702
0.763368
0.763034
0.762700
0.762366
0.762032
0.761697
0.761362
0.761027
0.760692
0.760357
0.760022
0.759686
0.759350
0.759015
0.758679
0.758342
0.758006
0.757670
0.757333
0.756996
0.756659
0.756322
0.755985
0.755647
0.755310
0.754972
0.754634
0.754296
0.753958
0.753619
0.753281
0.752942
0.752603
0.752264
0.751925
0.751586
0.751246
0.750906
0.750567
0.750227
0.749887
0.749546
0.749206
0.748865
0.748525
0.748184
0.747843
0.747502
0.747160
0.746819
0.746477
0.746135
0.745793
0.745451
0.745109
0.744767
0.744424
0.744081
0.743739
0.743396
0.743052
0.742709
0.742366
0.742022
0.741678
0.741334
0.740990
0.740646
0.740302
0.739957
0.739613
0.739268
0.738923
0.738578
0.738233
0.737887
0.737542
0.737196
0.736850
0.736504
0.736158
0.735812
0.735466
0.735119
0.734772
0.734426
0.734079
0.733731
0.733384
0.733037
0.732689
0.732342
0.731994
0.731646
0.731298
0.730949
0.730601
0.730252
0.729904
0.729555
0.729206
0.728857
0.728507
0.728158
0.727808
0.727459
0.727109
0.726759
0.726409
0.726059
0.725708
0.725358
0.725007
0.724656
0.724305
0.723954
0.723603
0.723252
0.722900
0.722549
0.722197
0.721845
0.721493
0.721141
0.720788
0.720436
0.720083
0.719731
0.719378
0.719025
0.718672
0.718318
0.717965
0.717611
0.717258
0.716904
0.716550
0.716196
0.715842
0.715487
0.715133
0.714778
0.714424
0.714069
0.713714
0.713359
0.713003
0.712648
0.712292
0.711937
0.711581
0.711225
0.710869
0.710513
0.710157
0.709800
0.709444
0.709087
0.708730
0.708373
0.708016
0.707659
0.707301
0.706944
0.706586
0.706229
0.705871
0.705513
0.705155
0.704797
0.704438
0.704080
0.703721
0.703362
0.703003
0.702645
0.702285
0.701926
0.701567
0.701207
0.700848
0.700488
0.700128
0.699768
0.699408
0.699048
0.698687
0.698327
0.697966
0.697606
0.697245
0.696884
0.696523
0.696162
0.695800
0.695439
0.695077
0.694716
0.694354
0.693992
0.693630
0.693268
0.692905
0.692543
0.692180
0.691818
0.691455
0.691092
0.690729
0.690366
0.690003
0.689640
0.689276
0.688913
0.688549
0.688185
0.687821
0.687457
0.687093
0.686729
0.686364
0.686000
0.685635
0.685270
0.684906
0.684541
0.684175
0.683810
0.683445
0.683080
0.682714
0.682348
0.681983
0.681617
0.681251
0.680885
0.680519
0.680152
0.679786
0.679419
0.679053
0.678686
0.678319
0.677952
0.677585
0.677218
0.676850
0.676483
0.676115
0.675748
0.675380
0.675012
0.674644
0.674276
0.673908
0.673540
0.673171
0.672803
0.672434
0.672066
0.671697
0.671328
0.670959
0.670590
0.670220
0.669851
0.669482
0.669112
0.668742
0.668373
0.668003
0.667633
0.667263
0.666893
0.666522
0.666152
0.665781
0.665411
0.665040
0.664669
0.664299
0.663928
0.663556
0.663185
0.662814
0.662443
0.662071
0.661700
0.661328
0.660956
0.660584
0.660212
0.659840
0.659468
0.659096
0.658723
0.658351
0.657978
0.657605
0.657233
0.656860
0.656487
0.656114
0.655741
0.655367
0.654994
0.654621
0.654247
0.653873
0.653500
0.653126
0.652752
0.652378
0.652004
0.651630
0.651255
0.650881
0.650506
0.650132
0.649757
0.649382
0.649007
0.648633
0.648258
0.647882
0.647507
0.647132
0.646756
0.646381
0.646005
0.645630
0.645254
0.644878
0.644502
0.644126
0.643750
0.643374
0.642997
0.642621
0.642245
0.641868
0.641491
0.641115
0.640738
0.640361
0.639984
0.639607
0.639230
0.638852
0.638475
0.638098
0.637720
0.637342
0.636965
0.636587
0.636209
0.635831
0.635453
0.635075
0.634697
0.634319
0.633940
0.633562
0.633183
0.632805
0.632426
0.632047
0.631668
0.631290
0.630911
0.630531
0.630152
0.629773
0.629394
0.629014
0.628635
0.628255
0.627876
0.627496
0.627116
0.626736
0.626356
0.625976
0.625596
0.625216
0.624836
0.624455
0.624075
0.623694
0.623314
0.622933
0.622552
0.622172
0.621791
0.621410
0.621029
0.620648
0.620266
0.619885
0.619504
0.619122
0.618741
0.618359
0.617978
0.617596
0.617214
0.616832
0.616451
0.616069
0.615687
0.615304
0.614922
0.614540
0.614158
0.613775
0.613393
0.613010
0.612628
0.612245
0.611862
0.611479
0.611096
0.610713
0.610330
0.609947
0.609564
0.609181
0.608798
0.608414
0.608031
0.607647
0.607264
0.606880
0.606496
0.606113
0.605729
0.605345
0.604961
0.604577
0.604193
0.603809
0.603424
0.603040
0.602656
0.602271
0.601887
0.601502
0.601118
0.600733
0.600348
0.599964
0.599579
0.599194
0.598809
0.598424
0.598039
0.597653
0.597268
0.596883
0.596498
0.596112
0.595727
0.595341
0.594956
0.594570
0.594184
0.593799
0.593413
0.593027
0.592641
0.592255
0.591869
0.591483
0.591097
0.590711
0.590324
0.589938
0.589552
0.589165
0.588779
0.588392
0.588006
0.587619
0.587232
0.586846
0.586459
0.586072
0.585685
0.585298
0.584911
0.584524
0.584137
0.583750
0.583362
0.582975
0.582588
0.582200
0.581813
0.581426
0.581038
0.580650
0.580263
0.579875
0.579487
0.579100
0.578712
0.578324
0.577936
0.577548
0.577160
0.576772
0.576384
0.575996
0.575607
0.575219
0.574831
0.574443
0.574054
0.573666
0.573277
0.572889
0.572500
0.572111
0.571723
0.571334
0.570945
0.570557
0.570168
0.569779
0.569390
0.569001
0.568612
0.568223
0.567834
0.567445
0.567055
0.566666
0.566277
0.565888
0.565498
0.565109
0.564720
0.564330
0.563941
0.563551
0.563161
0.562772
0.562382
0.561992
0.561603
0.561213
0.560823
0.560433
0.560043
0.559653
0.559264
0.558874
0.558483
0.558093
0.557703
0.557313
0.556923
0.556533
0.556143
0.555752
0.555362
0.554972
0.554581
0.554191
0.553800
0.553410
0.553019
0.552629
0.552238
0.551848
0.551457
0.551066
0.550676
0.550285
0.549894
0.549503
0.549112
0.548722
0.548331
0.547940
0.547549
0.547158
0.546767
0.546376
0.545985
0.545594
0.545202
0.544811
0.544420
0.544029
0.543638
0.543246
0.542855
0.542464
0.542072
0.541681
0.541290
0.540898
0.540507
0.540115
0.539724
0.539332
0.538941
0.538549
0.538158
0.537766
0.537374
0.536983
0.536591
0.536199
0.535808
0.535416
0.535024
0.534632
0.534240
0.533849
0.533457
0.533065
0.532673
0.532281
0.531889
0.531497
0.531105
0.530713
0.530321
0.529929
0.529537
0.529145
0.528753
0.528361
0.527969
0.527577
0.527184
0.526792
0.526400
0.526008
0.525616
0.525223
0.524831
0.524439
0.524047
0.523654
0.523262
0.522870
0.522477
0.522085
0.521693
0.521300
0.520908
0.520515
0.520123
0.519730
0.519338
0.518946
0.518553
0.518161
0.517768
0.517376
0.516983
0.516591
0.516198
0.515805
0.515413
0.515020
0.514628
0.514235
0.513843
0.513450
0.513057
0.512665
0.512272
0.511880
0.511487
0.511094
0.510702
0.510309
0.509916
0.509524
0.509131
0.508738
0.508346
0.507953
0.507560
0.507167
0.506775
0.506382
0.505989
0.505597
0.505204
0.504811
0.504418
0.504026
0.503633
0.503240
0.502847
0.502455
0.502062
0.501669
0.501276
0.500884
0.500491
0.500098
0.499705
0.499313
0.498920
0.498527
0.498134
0.497742
0.497349
0.496956
0.496563
0.496171
0.495778
0.495385
0.494993
0.494600
0.494207
0.493814
0.493422
0.493029
0.492636
0.492244
0.491851
0.491458
0.491065
0.490673
0.490280
0.489887
0.489495
0.489102
0.488709
0.488317
0.487924
0.487532
0.487139
0.486746
0.486354
0.485961
0.485569
0.485176
0.484783
0.484391
0.483998
0.483606
0.483213
0.482821
0.482428
0.482036
0.481643
0.481251
0.480858
0.480466
0.480073
0.479681
0.479288
0.478896
0.478504
0.478111
0.477719
0.477327
0.476934
0.476542
0.476150
0.475757
0.475365
0.474973
0.474581
0.474188
0.473796
0.473404
0.473012
0.472620
0.472227
0.471835
0.471443
0.471051
0.470659
0.470267
0.469875
0.469483
0.469091
0.468699
0.468307
0.467915
0.467523
0.467131
0.466739
0.466347
0.465955
0.465564
0.465172
0.464780
0.464388
0.463997
0.463605
0.463213
0.462821
0.462430
0.462038
0.461647
0.461255
0.460863
0.460472
0.460080
0.459689
0.459297
0.458906
0.458515
0.458123
0.457732
0.457341
0.456949
0.456558
0.456167
0.455776
0.455384
0.454993
0.454602
0.454211
0.453820
0.453429
0.453038
0.452647
0.452256
0.451865
0.451474
0.451083
0.450692
0.450301
0.449911
0.449520
0.449129
0.448738
0.448348
0.447957
0.447567
0.447176
0.446785
0.446395
0.446004
0.445614
0.445224
0.444833
0.444443
0.444053
0.443662
0.443272
0.442882
0.442492
0.442102
0.441712
0.441321
0.440931
0.440542
0.440152
0.439762
0.439372
0.438982
0.438592
0.438202
0.437813
0.437423
0.437033
0.436644
0.436254
0.435865
0.435475
0.435086
0.434696
0.434307
0.433918
0.433528
0.433139
0.432750
0.432361
0.431972
0.431583
0.431194
0.430805
0.430416
0.430027
0.429638
0.429249
0.428860
0.428472
0.428083
0.427694
0.427306
0.426917
0.426529
0.426140
0.425752
0.425363
0.424975
0.424587
0.424198
0.423810
0.423422
0.423034
0.422646
0.422258
0.421870
0.421482
0.421094
0.420706
0.420319
0.419931
0.419543
0.419156
0.418768
0.418381
0.417993
0.417606
0.417219
0.416831
0.416444
0.416057
0.415670
0.415283
0.414895
0.414508
0.414122
0.413735
0.413348
0.412961
0.412574
0.412188
0.411801
0.411414
0.411028
0.410642
0.410255
0.409869
0.409482
0.409096
0.408710
0.408324
0.407938
0.407552
0.407166
0.406780
0.406394
0.406008
0.405623
0.405237
0.404851
0.404466
0.404080
0.403695
0.403310
0.402924
0.402539
0.402154
0.401769
0.401384
0.400999
0.400614
0.400229
0.399844
0.399459
0.399075
0.398690
0.398305
0.397921
0.397536
0.397152
0.396768
0.396384
0.395999
0.395615
0.395231
0.394847
0.394463
0.394079
0.393696
0.393312
0.392928
0.392545
0.392161
0.391778
0.391394
0.391011
0.390628
0.390244
0.389861
0.389478
0.389095
0.388712
0.388329
0.387947
0.387564
0.387181
0.386799
0.386416
0.386034
0.385651
0.385269
0.384887
0.384505
0.384122
0.383740
0.383358
0.382977
0.382595
0.382213
0.381831
0.381450
0.381068
0.380687
0.380306
0.379924
0.379543
0.379162
0.378781
0.378400
0.378019
0.377638
0.377257
0.376877
0.376496
0.376115
0.375735
0.375355
0.374974
0.374594
0.374214
0.373834
0.373454
0.373074
0.372694
0.372314
0.371935
0.371555
0.371175
0.370796
0.370417
0.370037
0.369658
0.369279
0.368900
0.368521
0.368142
0.367763
0.367385
0.367006
0.366627
0.366249
0.365870
0.365492
0.365114
0.364736
0.364358
0.363980
0.363602
0.363224
0.362846
0.362469
0.362091
0.361714
0.361336
0.360959
0.360582
0.360205
0.359828
0.359451
0.359074
0.358697
0.358320
0.357944
0.357567
0.357191
0.356814
0.356438
0.356062
0.355686
0.355310
0.354934
0.354558
0.354182
0.353807
0.353431
0.353056
0.352680
0.352305
0.351930
0.351555
0.351180
0.350805
0.350430
0.350056
0.349681
0.349306
0.348932
0.348558
0.348183
0.347809
0.347435
0.347061
0.346687
0.346313
0.345940
0.345566
0.345193
0.344819
0.344446
0.344073
0.343700
0.343327
0.342954
0.342581
0.342208
0.341836
0.341463
0.341091
0.340718
0.340346
0.339974
0.339602
0.339230
0.338858
0.338486
0.338115
0.337743
0.337372
0.337000
0.336629
0.336258
0.335887
0.335516
0.335145
0.334774
0.334404
0.334033
0.333663
0.333292
0.332922
0.332552
0.332182
0.331812
0.331442
0.331073
0.330703
0.330334
0.329964
0.329595
0.329226
0.328857
0.328488
0.328119
0.327750
0.327381
0.327013
0.326644
0.326276
0.325908
0.325540
0.325172
0.324804
0.324436
0.324068
0.323701
0.323333
0.322966
0.322599
0.322232
0.321865
0.321498
0.321131
0.320764
0.320397
0.320031
0.319665
0.319298
0.318932
0.318566
0.318200
0.317834
0.317469
0.317103
0.316738
0.316372
0.316007
0.315642
0.315277
0.314912
0.314547
0.314183
0.313818
0.313454
0.313089
0.312725
0.312361
0.311997
0.311633
0.311269
0.310906
0.310542
0.310179
0.309815
0.309452
0.309089
0.308726
0.308364
0.308001
0.307638
0.307276
0.306913
0.306551
0.306189
0.305827
0.305465
0.305104
0.304742
0.304380
0.304019
0.303658
0.303297
0.302936
0.302575
0.302214
0.301853
0.301493
0.301132
0.300772
0.300412
0.300052
0.299692
0.299332
0.298972
0.298613
0.298254
0.297894
0.297535
0.297176
0.296817
0.296458
0.296100
0.295741
0.295383
0.295024
0.294666
0.294308
0.293950
0.293592
0.293235
0.292877
0.292520
0.292163
0.291805
0.291448
0.291092
0.290735
0.290378
0.290022
0.289665
0.289309
0.288953
0.288597
0.288241
0.287885
0.287530
0.287174
0.286819
0.286464
0.286109
0.285754
0.285399
0.285044
0.284690
0.284335
0.283981
0.283627
0.283273
0.282919
0.282565
0.282212
0.281858
0.281505
0.281152
0.280799
0.280446
0.280093
0.279740
0.279388
0.279035
0.278683
0.278331
0.277979
0.277627
0.277276
0.276924
0.276573
0.276221
0.275870
0.275519
0.275168
0.274818
0.274467
0.274117
0.273766
0.273416
0.273066
0.272716
0.272366
0.272017
0.271667
0.271318
0.270969
0.270620
0.270271
0.269922
0.269573
0.269225
0.268877
0.268528
0.268180
0.267832
0.267485
0.267137
0.266790
0.266442
0.266095
0.265748
0.265401
0.265054
0.264708
0.264361
0.264015
0.263669
0.263323
0.262977
0.262631
0.262285
0.261940
0.261595
0.261249
0.260904
0.260560
0.260215
0.259870
0.259526
0.259182
0.258838
0.258494
0.258150
0.257806
0.257463
0.257119
0.256776
0.256433
0.256090
0.255747
0.255405
0.255062
0.254720
0.254378
0.254036
0.253694
0.253352
0.253010
0.252669
0.252328
0.251987
0.251646
0.251305
0.250964
0.250624
0.250283
0.249943
0.249603
0.249263
0.248924
0.248584
0.248245
0.247905
0.247566
0.247227
0.246889
0.246550
0.246212
0.245873
0.245535
0.245197
0.244859
0.244522
0.244184
0.243847
0.243509
0.243172
0.242835
0.242499
0.242162
0.241826
0.241489
0.241153
0.240817
0.240482
0.240146
0.239811
0.239475
0.239140
0.238805
0.238470
0.238136
0.237801
0.237467
0.237133
0.236799
0.236465
0.236131
0.235798
0.235464
0.235131
0.234798
0.234465
0.234132
0.233800
0.233468
0.233135
0.232803
0.232471
0.232140
0.231808
0.231477
0.231146
0.230814
0.230484
0.230153
0.229822
0.229492
0.229162
0.228832
0.228502
0.228172
0.227842
0.227513
0.227184
0.226855
0.226526
0.226197
0.225869
0.225540
0.225212
0.224884
0.224556
0.224228
0.223901
0.223574
0.223246
0.222919
0.222593
0.222266
0.221939
0.221613
0.221287
0.220961
0.220635
0.220309
0.219984
0.219659
0.219334
0.219009
0.218684
0.218359
0.218035
0.217711
0.217387
0.217063
0.216739
0.216415
0.216092
0.215769
0.215446
0.215123
0.214800
0.214478
0.214155
0.213833
0.213511
0.213189
0.212868
0.212546
0.212225
0.211904
0.211583
0.211262
0.210942
0.210621
0.210301
0.209981
0.209661
0.209342
0.209022
0.208703
0.208384
0.208065
0.207746
0.207428
0.207109
0.206791
0.206473
0.206155
0.205837
0.205520
0.205203
0.204885
0.204568
0.204252
0.203935
0.203619
0.203302
0.202986
0.202671
0.202355
0.202039
0.201724
0.201409
0.201094
0.200779
0.200465
0.200150
0.199836
0.199522
0.199208
0.198895
0.198581
0.198268
0.197955
0.197642
0.197329
0.197017
0.196704
0.196392
0.196080
0.195769
0.195457
0.195146
0.194834
0.194523
0.194213
0.193902
0.193591
0.193281
0.192971
0.192661
0.192352
0.192042
0.191733
0.191424
0.191115
0.190806
0.190497
0.190189
0.189881
0.189573
0.189265
0.188957
0.188650
0.188343
0.188036
0.187729
0.187422
0.187116
0.186810
0.186504
0.186198
0.185892
0.185587
0.185281
0.184976
0.184671
0.184367
0.184062
0.183758
0.183454
0.183150
0.182846
0.182543
0.182239
0.181936
0.181633
0.181330
0.181028
0.180725
0.180423
0.180121
0.179820
0.179518
0.179217
0.178916
0.178615
0.178314
0.178013
0.177713
0.177413
0.177113
0.176813
0.176513
0.176214
0.175915
0.175616
0.175317
0.175018
0.174720
0.174422
0.174124
0.173826
0.173529
0.173231
0.172934
0.172637
0.172340
0.172044
0.171747
0.171451
0.171155
0.170860
0.170564
0.170269
0.169974
0.169679
0.169384
0.169089
0.168795
0.168501
0.168207
0.167913
0.167620
0.167326
0.167033
0.166740
0.166448
0.166155
0.165863
0.165571
0.165279
0.164987
0.164696
0.164405
0.164114
0.163823
0.163532
0.163242
0.162952
0.162662
0.162372
0.162082
0.161793
0.161504
0.161215
0.160926
0.160637
0.160349
0.160061
0.159773
0.159485
0.159198
0.158911
0.158624
0.158337
0.158050
0.157764
0.157477
0.157191
0.156906
0.156620
0.156335
0.156050
0.155765
0.155480
0.155195
0.154911
0.154627
0.154343
0.154059
0.153776
0.153493
0.153210
0.152927
0.152644
0.152362
0.152080
0.151798
0.151516
0.151234
0.150953
0.150672
0.150391
0.150110
0.149830
0.149550
0.149270
0.148990
0.148710
0.148431
0.148152
0.147873
0.147594
0.147316
0.147037
0.146759
0.146481
0.146204
0.145926
0.145649
0.145372
0.145095
0.144819
0.144542
0.144266
0.143991
0.143715
0.143439
0.143164
0.142889
0.142614
0.142340
0.142065
0.141791
0.141517
0.141244
0.140970
0.140697
0.140424
0.140151
0.139879
0.139606
0.139334
0.139062
0.138791
0.138519
0.138248
0.137977
0.137706
0.137436
0.137165
0.136895
0.136625
0.136356
0.136086
0.135817
0.135548
0.135279
0.135011
0.134742
0.134474
0.134206
0.133939
0.133671
0.133404
0.133137
0.132870
0.132604
0.132338
0.132072
0.131806
0.131540
0.131275
0.131010
0.130745
0.130480
0.130216
0.129951
0.129687
0.129423
0.129160
0.128897
0.128634
0.128371
0.128108
0.127846
0.127583
0.127321
0.127060
0.126798
0.126537
0.126276
0.126015
0.125755
0.125494
0.125234
0.124974
0.124715
0.124455
0.124196
0.123937
0.123678
0.123420
0.123162
0.122904
0.122646
0.122388
0.122131
0.121874
0.121617
0.121361
0.121104
0.120848
0.120592
0.120336
0.120081
0.119826
0.119571
0.119316
0.119061
0.118807
0.118553
0.118299
0.118046
0.117792
0.117539
0.117287
0.117034
0.116781
0.116529
0.116277
0.116026
0.115774
0.115523
0.115272
0.115021
0.114771
0.114521
0.114271
0.114021
0.113771
0.113522
0.113273
0.113024
0.112776
0.112527
0.112279
0.112031
0.111784
0.111536
0.111289
0.111042
0.110795
0.110549
0.110303
0.110057
0.109811
0.109566
0.109320
0.109076
0.108831
0.108586
0.108342
0.108098
0.107854
0.107611
0.107367
0.107124
0.106882
0.106639
0.106397
0.106155
0.105913
0.105671
0.105430
0.105189
0.104948
0.104707
0.104467
0.104227
0.103987
0.103747
0.103508
0.103269
0.103030
0.102791
0.102553
0.102314
0.102076
0.101839
0.101601
0.101364
0.101127
0.100890
0.100654
0.100418
0.100182
0.099946
0.099711
0.099475
0.099240
0.099006
0.098771
0.098537
0.098303
0.098069
0.097836
0.097603
0.097370
0.097137
0.096904
0.096672
0.096440
0.096208
0.095977
0.095746
0.095515
0.095284
0.095053
0.094823
0.094593
0.094363
0.094134
0.093905
0.093676
0.093447
0.093218
0.092990
0.092762
0.092534
0.092307
0.092080
0.091853
0.091626
0.091399
0.091173
0.090947
0.090721
0.090496
0.090271
0.090046
0.089821
0.089597
0.089372
0.089148
0.088925
0.088701
0.088478
0.088255
0.088032
0.087810
0.087588
0.087366
0.087144
0.086923
0.086702
0.086481
0.086260
0.086040
0.085819
0.085600
0.085380
0.085161
0.084941
0.084723
0.084504
0.084286
0.084068
0.083850
0.083632
0.083415
0.083198
0.082981
0.082764
0.082548
0.082332
0.082116
0.081901
0.081685
0.081470
0.081256
0.081041
0.080827
0.080613
0.080399
0.080186
0.079973
0.079760
0.079547
0.079335
0.079122
0.078911
0.078699
0.078488
0.078276
0.078066
0.077855
0.077645
0.077435
0.077225
0.077015
0.076806
0.076597
0.076388
0.076180
0.075971
0.075763
0.075556
0.075348
0.075141
0.074934
0.074727
0.074521
0.074315
0.074109
0.073903
0.073698
0.073493
0.073288
0.073083
0.072879
0.072675
0.072471
0.072268
0.072064
0.071861
0.071659
0.071456
0.071254
0.071052
0.070850
0.070649
0.070448
0.070247
0.070046
0.069846
0.069646
0.069446
0.069247
0.069047
0.068848
0.068650
0.068451
0.068253
0.068055
0.067857
0.067660
0.067463
0.067266
0.067069
0.066873
0.066677
0.066481
0.066285
0.066090
0.065895
0.065700
0.065506
0.065312
0.065118
0.064924
0.064731
0.064537
0.064345
0.064152
0.063960
0.063768
0.063576
0.063384
0.063193
0.063002
0.062811
0.062621
0.062431
0.062241
0.062051
0.061862
0.061673
0.061484
0.061295
0.061107
0.060919
0.060731
0.060544
0.060357
0.060170
0.059983
0.059797
0.059611
0.059425
0.059239
0.059054
0.058869
0.058684
0.058500
0.058315
0.058131
0.057948
0.057764
0.057581
0.057398
0.057216
0.057034
0.056852
0.056670
0.056488
0.056307
0.056126
0.055945
0.055765
0.055585
0.055405
0.055226
0.055046
0.054867
0.054689
0.054510
0.054332
0.054154
0.053976
0.053799
0.053622
0.053445
0.053269
0.053092
0.052916
0.052741
0.052565
0.052390
0.052215
0.052041
0.051866
0.051692
0.051518
0.051345
0.051172
0.050999
0.050826
0.050654
0.050482
0.050310
0.050138
0.049967
0.049796
0.049625
0.049455
0.049285
0.049115
0.048945
0.048776
0.048607
0.048438
0.048269
0.048101
0.047933
0.047766
0.047598
0.047431
0.047264
0.047098
0.046931
0.046765
0.046600
0.046434
0.046269
0.046104
0.045940
0.045775
0.045611
0.045448
0.045284
0.045121
0.044958
0.044795
0.044633
0.044471
0.044309
0.044148
0.043987
0.043826
0.043665
0.043505
0.043344
0.043185
0.043025
0.042866
0.042707
0.042548
0.042390
0.042232
0.042074
0.041916
0.041759
0.041602
0.041445
0.041289
0.041133
0.040977
0.040821
0.040666
0.040511
0.040356
0.040202
0.040048
0.039894
0.039740
0.039587
0.039434
0.039281
0.039129
0.038977
0.038825
0.038673
0.038522
0.038371
0.038220
0.038070
0.037919
0.037770
0.037620
0.037471
0.037322
0.037173
0.037024
0.036876
0.036728
0.036581
0.036433
0.036286
0.036140
0.035993
0.035847
0.035701
0.035556
0.035410
0.035265
0.035120
0.034976
0.034832
0.034688
0.034544
0.034401
0.034258
0.034115
0.033973
0.033831
0.033689
0.033547
0.033406
0.033265
0.033124
0.032984
0.032844
0.032704
0.032564
0.032425
0.032286
0.032147
0.032009
0.031871
0.031733
0.031595
0.031458
0.031321
0.031184
0.031048
0.030912
0.030776
0.030641
0.030505
0.030370
0.030236
0.030101
0.029967
0.029834
0.029700
0.029567
0.029434
0.029301
0.029169
0.029037
0.028905
0.028774
0.028643
0.028512
0.028381
0.028251
0.028121
0.027991
0.027862
0.027733
0.027604
0.027475
0.027347
0.027219
0.027091
0.026964
0.026837
0.026710
0.026584
0.026457
0.026331
0.026206
0.026081
0.025955
0.025831
0.025706
0.025582
0.025458
0.025335
0.025211
0.025088
0.024966
0.024843
0.024721
0.024599
0.024478
0.024357
0.024236
0.024115
0.023995
0.023875
0.023755
0.023635
0.023516
0.023397
0.023279
0.023160
0.023042
0.022925
0.022807
0.022690
0.022573
0.022457
0.022341
0.022225
0.022109
0.021994
0.021879
0.021764
0.021649
0.021535
0.021421
0.021308
0.021194
0.021081
0.020969
0.020856
0.020744
0.020632
0.020521
0.020410
0.020299
0.020188
0.020078
0.019968
0.019858
0.019749
0.019640
0.019531
0.019422
0.019314
0.019206
0.019098
0.018991
0.018884
0.018777
0.018671
0.018564
0.018459
0.018353
0.018248
0.018143
0.018038
0.017934
0.017829
0.017726
0.017622
0.017519
0.017416
0.017313
0.017211
0.017109
0.017007
0.016906
0.016805
0.016704
0.016604
0.016503
0.016403
0.016304
0.016204
0.016105
0.016007
0.015908
0.015810
0.015712
0.015615
0.015518
0.015421
0.015324
0.015228
0.015132
0.015036
0.014940
0.014845
0.014750
0.014656
0.014562
0.014468
0.014374
0.014281
0.014188
0.014095
0.014002
0.013910
0.013818
0.013727
0.013636
0.013545
0.013454
0.013364
0.013274
0.013184
0.013095
0.013005
0.012917
0.012828
0.012740
0.012652
0.012564
0.012477
0.012390
0.012303
0.012217
0.012130
0.012045
0.011959
0.011874
0.011789
0.011704
0.011620
0.011536
0.011452
0.011369
0.011286
0.011203
0.011120
0.011038
0.010956
0.010875
0.010793
0.010712
0.010632
0.010551
0.010471
0.010391
0.010312
0.010232
0.010154
0.010075
0.009997
0.009919
0.009841
0.009764
0.009687
0.009610
0.009533
0.009457
0.009381
0.009306
0.009230
0.009155
0.009081
0.009006
0.008932
0.008859
0.008785
0.008712
0.008639
0.008567
0.008494
0.008422
0.008351
0.008279
0.008208
0.008138
0.008067
0.007997
0.007927
0.007858
0.007789
0.007720
0.007651
0.007583
0.007515
0.007447
0.007380
0.007313
0.007246
0.007179
0.007113
0.007047
0.006982
0.006917
0.006852
0.006787
0.006723
0.006659
0.006595
0.006532
0.006468
0.006406
0.006343
0.006281
0.006219
0.006157
0.006096
0.006035
0.005974
0.005914
0.005854
0.005794
0.005735
0.005676
0.005617
0.005558
0.005500
0.005442
0.005384
0.005327
0.005270
0.005213
0.005157
0.005101
0.005045
0.004989
0.004934
0.004879
0.004825
0.004770
0.004717
0.004663
0.004609
0.004556
0.004504
0.004451
0.004399
0.004347
0.004296
0.004245
0.004194
0.004143
0.004093
0.004043
0.003993
0.003944
0.003895
0.003846
0.003797
0.003749
0.003701
0.003654
0.003607
0.003560
0.003513
0.003467
0.003421
0.003375
0.003330
0.003284
0.003240
0.003195
0.003151
0.003107
0.003064
0.003020
0.002977
0.002935
0.002892
0.002850
0.002809
0.002767
0.002726
0.002685
0.002645
0.002605
0.002565
0.002525
0.002486
0.002447
0.002408
0.002370
0.002332
0.002294
0.002257
0.002220
0.002183
0.002146
0.002110
0.002074
0.002039
0.002003
0.001968
0.001934
0.001899
0.001865
0.001832
0.001798
0.001765
0.001732
0.001700
0.001667
0.001636
0.001604
0.001573
0.001542
0.001511
0.001481
0.001451
0.001421
0.001391
0.001362
0.001334
0.001305
0.001277
0.001249
0.001221
0.001194
0.001167
0.001140
0.001114
0.001088
0.001062
0.001037
0.001012
0.000987
0.000962
0.000938
0.000914
0.000891
0.000867
0.000844
0.000822
0.000799
0.000777
0.000756
0.000734
0.000713
0.000692
0.000672
0.000652
0.000632
0.000612
0.000593
0.000574
0.000555
0.000537
0.000519
0.000501
0.000484
0.000467
0.000450
0.000433
0.000417
0.000401
0.000386
0.000370
0.000355
0.000341
0.000326
0.000312
0.000299
0.000285
0.000272
0.000259
0.000247
0.000235
0.000223
0.000211
0.000200
0.000189
0.000178
0.000168
0.000158
0.000148
0.000139
0.000130
0.000121
0.000112
0.000104
0.000096
0.000089
0.000082
0.000075
0.000068
0.000062
0.000056
0.000050
0.000045
0.000039
0.000035
0.000030
0.000026
0.000022
0.000019
0.000015
0.000012
0.000010
0.000008
0.000006
0.000004
0.000002
0.000001
0.000001
0.000000
0.000000
